1.0,0.0999745427571223,0.07512348695692381,0.03443235149251895,0.005809585404099967,0.0,0.005964963457071727,1
1.0,0.10716365286919426,0.026476246478541774,0.00912892110147508,0.0014761082932849819,0.0,0.0014218269058717565,1
1.0,0.04956365763869845,0.004000060338738589,0.004978312724957704,8.211655079313505E-6,1.092712798053195E-4,0.0,1
1.0,0.08647174367515499,0.030096175869872788,0.010885863907501186,0.0015242294351521977,0.0,0.001502612508304233,1
1.0,0.07825854361066661,0.03459968069764144,0.01040730160176075,0.0014857002045330716,0.0,0.0014867509058470322,1
1.0,0.10707166193367372,0.04976696509621169,0.015824880703319697,0.002776065501123727,0.0,0.00283865003590253,1
1.0,0.060606814418199484,0.014297124386486336,0.00876690604477055,1.0453916591638642E-4,0.0,5.941862462916723E-5,2
1.0,0.0542353756996992,0.016979275730127846,0.008146263675705152,4.996684895046206E-4,0.0,5.067030257561011E-4,2
1.0,0.0750609861924516,0.02376687788731691,0.006798317604583455,0.0010041495870752345,0.0,0.0010431965433013797,2
1.0,0.05553794050845796,0.024007509357350573,0.008290313319551924,3.7637339251857867E-4,0.0,3.569173155100349E-4,2
1.0,0.054589960169962114,0.018076191170818618,0.005647574902776376,4.321045165346962E-4,0.0,4.28526116076609E-4,2
1.0,0.03096833278897391,0.025309478012085444,0.005463357366508,3.5053729335646764E-4,0.0,3.537654923317378E-4,2
1.0,0.08964642295537824,0.013696276092465801,0.0018218239196366804,2.3595566622159958E-4,0.0,2.3854437103031393E-4,3
1.0,0.06861205817108486,0.008003248838946776,7.407764475011977E-4,8.374771134903936E-5,0.0,8.39236428122128E-5,3
1.0,0.10117566786310957,0.015478644983662573,0.002012584824020767,2.836587967903417E-4,0.0,2.853475225277998E-4,3
1.0,0.0810713896256621,0.013025514187394506,0.0015285565760231785,1.9051371382770808E-4,0.0,1.9155147349778334E-4,3
1.0,0.09830418908479896,0.009740740156754404,0.001148864921896795,1.5547202987798217E-4,0.0,1.5593895484469831E-4,3
1.0,0.11543482600575741,0.01339762793064445,0.0017292676859278322,2.5377990107658296E-4,0.0,2.557393914045487E-4,3
1.0,0.14742788122672812,4.7600565359222244E-4,1.7431311222314728E-4,1.6846539268106145E-8,2.5571238921248413E-5,0.0,4
1.0,0.1966613042732872,6.36797996602179E-4,5.105749772869344E-4,9.68057836791695E-8,1.2169258198062142E-4,0.0,4
1.0,0.1530913263338082,0.0012917088677221252,9.338972843682765E-5,1.614843524186544E-5,0.0,1.6157316119880545E-5,4
1.0,0.1396728792681885,9.94710130905557E-4,1.4451961741875175E-4,1.6331009328169734E-9,2.9791176711481925E-6,0.0,4
1.0,0.16756076922745808,4.5664195364136204E-4,1.606139308464264E-4,1.3637279808260487E-8,2.1196986770597418E-5,0.0,4
1.0,0.13442960916313454,0.0011282514378597166,8.5738776228214E-5,1.363013165950566E-5,0.0,1.363735616354283E-5,4
1.0,0.010499998101610864,0.002069799201155969,1.1540517176842323E-4,4.5279326033594385E-6,0.0,4.537961324126139E-6,5
1.0,0.03389035538491066,1.0016002912061846E-4,3.07228260535336E-5,2.9783680768801016E-10,8.477265414642344E-7,0.0,5
1.0,0.10079069984277164,6.055105650717536E-4,8.82676961485703E-5,3.4822011745804025E-9,2.7264294707543043E-6,0.0,5
1.0,0.08104154332401245,0.001901424105147307,3.1784185602533305E-4,7.2205383009744095E-9,1.9893861386014143E-5,0.0,5
1.0,0.0576006382401216,7.859159283184866E-4,2.363117362649568E-4,0.0,1.9965780418863698E-5,1.0081158739110243E-8,5
1.0,0.08421587446562047,7.321335161996661E-4,2.3795726464161343E-4,3.09651001086592E-8,3.230416412116985E-5,0.0,5
1.0,0.0058084519368978614,2.787150233205648E-4,0.011372184829935194,0.0,5.198831979791728E-4,1.1868652110999756E-6,6
1.0,0.004469268506626861,0.0016864439362220427,0.036809415689450654,0.0011450925800104152,0.0,0.0011910135148139713,6
1.0,0.004813874271380674,0.0015580461850977204,0.027115193748213563,7.589883723248879E-5,1.604833930071804E-4,0.0,6
1.0,0.01009974525758998,8.726858413889338E-4,0.00819284033956891,4.4282173496265734E-4,0.0,4.491185784553399E-4,6
1.0,0.00917757180407674,0.0030263320039808058,0.012153811722429056,3.515562259679098E-4,0.0,3.7845530026874203E-4,6
1.0,0.008063432794873277,0.003257950478755653,0.01020674231157028,4.048086449982334E-4,0.0,4.3347644986280415E-4,6
1.0,0.2748125512558946,0.16349914746710167,0.041886194631122226,0.0038011399640446165,0.0,0.0010605331876705636,7
1.0,0.2367784422115616,0.11527208891913436,0.04527803881888204,0.0027860538694299136,0.001818103866534926,0.0,7
1.0,0.2856097148853298,0.10906512898535986,0.06723833245154483,0.004300314341139652,0.015343019401928457,0.0,7
1.0,0.3618723820097279,0.2766662637291223,0.19389068719759395,0.03899393087473265,0.07618892827505201,0.0,7
1.0,0.2807225268106397,0.14788138214214522,0.1539947822517217,0.015647890912211547,0.050755352977566524,0.0,7
1.0,0.216499392971943,0.11326780401337656,0.03867163985439415,0.0021148524160115316,4.409529436996561E-4,0.0,7
1.0,0.19598721449146392,0.07656613601891459,0.025612311751050654,1.007210728179726E-4,0.0013509400234265746,0.0,8
1.0,0.18604153789082578,0.10522811640429866,0.037677555198692245,0.0,9.415202403242745E-4,2.3383362397665113E-4,8
1.0,0.14736662138518467,0.08778109442514025,0.03231035210484952,0.0,0.0011267062736263999,2.5046559184574876E-5,8
1.0,0.19574570917947082,0.07062344063169834,0.029545575431073858,2.9818667145354975E-4,0.004824484964826121,0.0,8
1.0,0.2058578043749909,0.12002964130228104,0.022881227922587365,0.0020929214721384154,0.0,0.002608983509358696,8
1.0,0.13389449303282414,0.07924579083340541,0.02452607261674286,0.0,3.464253521238607E-4,1.5453985400700162E-4,8
1.0,0.20705750888982774,0.11297298111941652,0.05669189666138753,0.0021029591251196162,0.012996200204288403,0.0,9
1.0,0.3375850577797033,0.07763991111655506,0.06793445592780094,0.004164202284740353,0.03526675426299898,0.0,9
1.0,0.3464058674479872,0.1472342544093622,0.11189155491276837,0.009223255957161933,0.0496248138457476,0.0,9
1.0,0.3812843602060387,0.1686317968068248,0.133491517132705,0.013699839526062912,0.06571815040513886,0.0,9
1.0,0.23034222979676608,0.08544159400442651,0.07525478950726681,0.0029740972963139033,0.02498898407659858,0.0,9
1.0,0.2150474820991273,0.10619503259266506,0.07719216626395042,0.003565238014909429,0.025904064565615895,0.0,9
1.0,0.08171498990991398,0.005725190656958878,0.0066082181927721905,1.6502307513969464E-5,8.529578128356119E-4,0.0,10
1.0,0.006007317021073374,7.060449018121527E-4,0.0017894467877205091,0.0,2.3457488843324506E-5,4.783249351060003E-7,10
1.0,0.022744537765410223,0.006620905411000895,0.001284439051547364,3.1798140864666986E-5,0.0,3.1505984889944316E-5,10
1.0,0.030339880486757335,0.015336856226720237,0.004185342661030771,0.0,3.4033791948796175E-4,4.0973194859901033E-8,10
1.0,0.010494719516141586,0.020237721085638122,0.001933724342826517,8.603551199965392E-5,0.0,8.473904821279101E-5,10
1.0,0.009870584150468266,0.01522313316400507,0.0050595324031539116,1.8045794807228575E-5,1.5356180051381195E-4,0.0,10
1.0,0.26233100054731956,0.01379704810425055,0.014078111165369209,1.0422344979619227E-4,0.004990963324125592,0.0,11
1.0,0.3117772102170182,0.027334145285890073,0.028192914187972925,4.419266493103928E-4,0.011254034572750298,0.0,11
1.0,0.18750080179375386,0.01571143433819069,0.014362472668407228,8.943537474670258E-5,0.0037210691845293836,0.0,11
1.0,0.34614458108312174,0.022209730801475203,0.01983119242075646,2.230971871257753E-4,0.008051043361779937,0.0,11
1.0,0.42710563215514796,0.012943492525235967,0.010976612183594657,8.295611941816437E-5,0.005102713348196226,0.0,11
1.0,0.4199248572181761,0.02991962950907489,0.029584747552678183,5.91246829104525E-4,0.014655460151811925,0.0,11
1.0,0.22757230717123283,0.010068755041482455,0.01733112253855616,9.221177777065015E-5,0.0051369489729103865,0.0,12
1.0,0.27917197033127605,0.011901986502587114,0.018948361567783477,1.2939879028570734E-4,0.006345948869894809,0.0,12
1.0,0.3200331381895394,0.02533642614010094,0.03214799374657909,4.0806501094443084E-4,0.012468707782399481,0.0,12
1.0,0.31705400620090896,0.04213564011309369,0.044236269359420016,8.464375800341765E-4,0.01681506742696448,0.0,12
1.0,0.3437993239661316,0.017163637117955474,0.02551576502337814,2.6203626487643177E-4,0.010514998915682909,0.0,12
1.0,0.27185938780055585,0.027519921294251275,0.034110039892701505,4.2079006143202764E-4,0.011809016002204178,0.0,12
1.0,0.024997743911006353,0.002083108184319314,2.004691379384132E-4,3.83084279394114E-6,0.0,3.8019021347601213E-6,13
1.0,0.008610843861270147,0.0024613528304477258,0.0020783751191632603,1.3802668506443472E-6,1.34241064518717E-5,0.0,13
1.0,0.013271745650658525,7.026798460023467E-4,2.994824122433657E-5,1.2165658376929142E-6,0.0,1.2167858526380713E-6,13
1.0,0.01944244038113476,9.169604592040643E-4,1.5355461291536126E-4,4.412892663751282E-6,0.0,4.403347122196329E-6,13
1.0,0.02142138183494284,0.002358491082095801,5.196679068847116E-4,1.56188855674167E-7,1.1099083414750579E-5,0.0,13
1.0,0.016907105489560793,0.0013040993263559657,2.2418407080817832E-4,3.0191589027054895E-8,3.6596840572308757E-6,0.0,13
1.0,0.16002039958737188,0.016672139471300744,0.018258694346222064,1.2885700625147993E-4,0.004564774445625493,0.0,14
1.0,0.07881436179092924,0.006588978068348298,0.011876101000282007,2.8340454932107088E-5,0.0018873983582247261,0.0,14
1.0,0.15822556908932958,0.022513782272822008,0.028451922341210058,2.8966702980417114E-4,0.0072020673547244715,0.0,14
1.0,0.14513015234395457,0.012923077593413927,0.014836188242043424,9.171224326506801E-5,0.00333292958626173,0.0,14
1.0,0.1111121874114128,0.013357136949041894,0.015162638838739839,7.016573851103397E-5,0.002834609011188608,0.0,14
1.0,0.11817514125981596,0.009368451657667788,0.011059111010668653,4.549591498377579E-5,0.0023738230453113503,0.0,14
1.0,0.06874134220541614,0.002916781966336833,0.006561933477886819,1.3641168940264793E-5,9.722368280299701E-4,0.0,15
1.0,0.029198804425490728,0.0011977065664443374,0.002739773872263706,1.7598184770349105E-6,2.013637500810067E-4,0.0,15
1.0,0.018931786882717162,0.0038386432109536396,0.0025178780989319077,3.1763707221489966E-6,1.2275321501068793E-4,0.0,15
1.0,0.003557828561976173,0.002295915226013978,0.003489931740312124,1.691902075450046E-6,1.0455037442930017E-4,0.0,15
1.0,0.0055745475784032255,1.5995711499400432E-4,0.002128523360539941,4.454054478397308E-7,7.820027854672308E-5,0.0,15
1.0,0.016326156292829647,1.6349559187515527E-4,0.0029683316554043656,8.64228705470587E-7,2.0662700464444168E-4,0.0,15
1.0,0.0932395467732643,0.012589659747680459,0.03890778611193146,1.9417522074590947E-4,0.007748219203661622,0.0,1
1.0,0.05884009204639815,0.01487017822755613,0.004462389266103032,0.0,1.0113309762413367E-6,5.901130167026556E-6,1
1.0,0.028807007254622055,0.01652758650717636,0.00504432446867101,5.126936640884432E-4,0.0,4.8923578880953E-4,1
1.0,0.047081150308157134,0.008569902992157668,0.009292467895845197,3.819745906559809E-5,5.541126938636468E-4,0.0,2
1.0,0.04138653005886745,0.002652373341123423,0.002327764726661714,2.4314176793743966E-6,4.154615581706044E-5,0.0,2
1.0,0.03891999207185412,0.021724806577123227,0.007176292556421614,2.5240980274736797E-4,0.0,2.4109522802883985E-4,2
1.0,0.082362968135714,0.003145147865404771,6.164330851303525E-4,0.0,3.2295148778694893E-6,1.0766329813653606E-7,3
1.0,0.0893230351058082,1.5159907471402447E-4,3.0369289857414448E-5,0.0,4.030260148516535E-6,3.9678730515872854E-10,3
1.0,0.09468707771729039,0.004376072846492837,0.0022969671617554216,1.4602458244139744E-6,2.8405051938769257E-4,0.0,3
1.0,0.07857873798779007,0.002076110749772651,0.001074719490069981,1.7273083364636787E-7,1.0895269961472344E-4,0.0,3
1.0,0.06282718476052691,0.005327747477095811,0.0014299748972177845,0.0,3.4399446883321756E-6,2.5878693305707625E-7,3
1.0,0.07432529525754443,0.006680771437602336,0.0011928527611806338,9.273012444309257E-8,3.2680635443381154E-5,0.0,3
1.0,0.06089145761411789,0.0020489734716935275,7.358401546979922E-5,5.83355752590138E-10,3.7232176655494396E-6,0.0,4
1.0,0.09957243689291367,8.075584752544549E-4,4.525524278077089E-5,5.985947773920822E-6,0.0,5.986738723307726E-6,4
1.0,0.09628039146242622,5.274365917643084E-4,4.2770020971165265E-4,4.257366628131992E-8,6.35579407944211E-5,0.0,4
1.0,0.12689352243529747,0.001210708098351848,9.705421785927083E-4,2.3302207746596542E-7,1.5860035446686697E-4,0.0,4
1.0,0.11533613961473071,5.892622007960323E-4,7.324306604983029E-4,9.92099032341283E-8,1.273535099733696E-4,0.0,4
1.0,0.12199765479643829,2.21205023801575E-4,3.0107248892068063E-4,1.6288383103069867E-8,5.2847994330317394E-5,0.0,4
1.0,0.080177242381886,9.332732348472247E-4,2.5860627208411276E-4,3.621602421457364E-8,3.3782699242913404E-5,0.0,5
1.0,0.10829826870865675,3.516283401767309E-4,4.853134996696393E-5,1.6001617035869617E-6,0.0,1.5979976797522147E-6,5
1.0,0.08830955839259358,3.537301085811849E-5,5.502027576283592E-5,6.156746841389893E-6,0.0,6.156137552388688E-6,5
1.0,0.10379374685186038,6.555195487176077E-4,1.939995051790739E-4,2.410912029571805E-8,4.594008436787921E-6,0.0,5
1.0,0.12194086814827862,0.0022474677733829536,4.408604770574509E-4,1.6347043125226502E-7,2.2564343253261677E-5,0.0,5
1.0,0.1574071834277547,0.0031646589343992657,3.3098905540086094E-4,1.3428793484356008E-7,2.9567909140203194E-5,0.0,5
1.0,0.022705043388423864,0.006591429701916221,0.00846428552542836,4.168959048487315E-6,6.574176002373263E-4,0.0,6
1.0,0.012876169092760532,0.0013371019998282595,0.0025237886150420424,0.0,1.7855856231604005E-4,1.2869104275133866E-6,6
1.0,0.00374897152027735,7.566811608638695E-4,0.004512729040593286,5.148132230176361E-7,9.736337995136483E-5,0.0,6
1.0,0.22405822375600443,0.13531252601358396,0.12232515981126145,0.009040988036735882,0.03107332088455036,0.0,7
1.0,0.21774019054977553,0.11603379247252772,0.06725751773908051,0.004328519124223831,0.013406059259130488,0.0,7
1.0,0.1461828374317218,0.06322792704459528,0.010135888739286333,0.0019228732650563394,0.0,0.0019508558646669106,7
1.0,0.07317463239941703,0.06453061205466816,0.017285980971547762,0.002158877803319924,0.0,0.0024271661383934292,8
1.0,0.05211304097754891,0.02160586603504375,0.00585227888191604,5.189437186020743E-4,0.0,4.936216812288736E-4,8
1.0,0.07458807774339105,0.012366312997189276,0.003427876793037863,3.1238161130525005E-4,0.0,3.0366452744216876E-4,8
1.0,0.048151723251324635,0.0066706640975623226,0.010850385792740879,4.007601542157498E-5,0.0013507232873434135,0.0,9
1.0,0.06205351805443359,0.011890480555032019,0.00690753813277027,2.7336840981548E-5,7.907046186454326E-4,0.0,9
1.0,0.06677423393529267,0.007588180607587302,0.007969173535532767,2.965049439732609E-5,0.001222682296334597,0.0,9
1.0,0.023221728016708618,8.783890567199239E-4,0.004205900888353903,0.0,2.9853548187260806E-4,5.47867642392024E-7,10
1.0,0.10200324806232684,0.002192487967286768,0.0070807282130276265,7.177720843815027E-6,0.0012156417144729317,0.0,10
1.0,0.01433945294959631,2.788481833177961E-4,0.004290230191076513,3.623286243603532E-7,2.465463656593669E-4,0.0,10
1.0,0.2438942446529823,0.022467325466306445,7.280851974133619E-4,1.4743913363168842E-4,0.0,1.481577810626874E-4,11
1.0,0.1817886507214891,0.0161367487045778,0.0023997372639814013,2.084097832132907E-6,1.8056435051513986E-4,0.0,11
1.0,0.2446867595444934,0.03541092200834854,0.023690297790086728,3.392186339559435E-4,0.007377536765978065,0.0,11
1.0,0.28497352863350844,0.029050725163483376,0.008850324516605295,1.0696177150127151E-4,0.0026736391634295076,0.0,11
1.0,0.12920283078745856,0.015836917705598214,4.5951045992221126E-4,3.3796416181800285E-7,9.396631762258062E-5,0.0,11
1.0,0.09325947389138002,0.012949886953607227,0.005977340175802982,2.154619368031558E-5,8.960985547454296E-4,0.0,11
1.0,0.2728504291597563,0.005524159397631234,0.008951143797807606,2.7099919885011177E-5,0.0028889655608680858,0.0,12
1.0,0.2034897044130426,4.2119246084833944E-4,0.0021216656902774,9.675612465576245E-7,5.373450722626938E-4,0.0,12
1.0,0.2995163015949861,0.017563664335386222,0.03058363438015864,3.3544210092442776E-4,0.011180346933261252,0.0,12
1.0,0.14882728250404975,0.005198025391734051,0.006603010302840888,1.2512808347549482E-5,0.0013171937902772255,0.0,12
1.0,0.2302237252030599,0.015687489137159876,0.012338076496261771,7.124420522275963E-5,0.0029810877497680336,0.0,12
1.0,0.2808355673479971,0.012756711890310161,0.02006711976053492,1.5734679048453863E-4,0.007035396918574776,0.0,12
1.0,0.031053520063016943,7.471102099230567E-4,6.469741459061871E-4,4.771151827581699E-5,0.0,4.7811653577678984E-5,13
1.0,0.027119921960737682,8.353281382697393E-4,8.441273439229489E-4,5.5107462162958565E-5,0.0,5.513284642651249E-5,13
1.0,0.01947742794839666,0.003978361796442982,0.004139284015163242,1.6653405416464375E-4,0.0,1.6901301930836912E-4,13
1.0,0.002317941420100369,6.893970319325696E-4,0.0027692796486664135,2.066701452884527E-5,0.0,2.068138118169554E-5,14
1.0,0.026033688984738356,0.007171797595739449,0.01746543086019198,8.105901249157171E-5,0.001567288302083166,0.0,14
1.0,0.09694333039377266,0.018773475850961157,0.03762131381119728,4.7892183164296174E-4,0.007423671817238705,0.0,14
1.0,0.0029791453858205178,1.020842986639161E-4,0.0015034097154375268,0.0,2.336581912716513E-5,1.1730141731889176E-7,15
1.0,0.006948458466633965,0.0023991047297035207,0.0032243947647824386,2.6322903886135844E-6,1.0554220516092616E-4,0.0,15
1.0,0.014462283693199057,0.0010456868604202172,0.0037241803036274636,2.496262384726143E-6,1.6471125307261877E-4,0.0,15
1.0,0.023314516921623327,0.01698171282420326,0.012431472460765524,8.629788000564546E-4,0.0,7.724066346772814E-4,1
1.0,0.04979181965024258,0.016295109967908988,0.01531776226459556,0.0011548203522972963,0.0,0.001043337386649998,1
1.0,0.039962838749731756,0.013766804717114205,0.00954193577186327,5.034469460720196E-4,0.0,4.6545361159018036E-4,1
1.0,0.061750311803693496,0.03516211124624542,0.020100458422863936,0.0017625496341186944,0.0,0.0015725713418524349,1
1.0,0.044368369849236346,0.02594442155177234,0.01326511918247515,8.555039605252763E-4,0.0,7.492809927247549E-4,1
1.0,0.05934579152978941,0.04444914970839773,0.024026985461679456,0.002665937261947916,0.0,0.002582314614876604,1
1.0,0.05670409346447709,0.015975853651101064,0.013103859862659767,1.0385672682356663E-4,0.0,1.2897282305508011E-5,2
1.0,0.04707682518374471,0.01465958661792725,0.011802430085340918,6.025793263161065E-5,7.282809804150134E-5,0.0,2
1.0,0.06308482474778548,0.01598555996119152,0.012283770212908817,5.6171890112497925E-5,2.490496617077404E-4,0.0,2
1.0,0.06931695043052036,0.010168733511926025,0.008880627648943313,3.556752077689927E-5,5.5133139727002194E-5,0.0,2
1.0,0.0719990590429315,0.004811255441845181,0.01078404946617242,3.8552729743512945E-5,5.969113747697443E-4,0.0,2
1.0,0.06856461924914882,0.016405927834068187,0.003785008261461805,4.42801347067953E-4,0.0,4.5094740847999244E-4,2
1.0,0.12063913507913268,0.013720865980468894,0.0026763446078417914,1.6977862159058409E-4,0.0,1.736984788675008E-4,3
1.0,0.06785501880696111,0.006664920629936066,0.001685663284481836,1.2616413056017967E-4,0.0,1.2765506504124416E-4,3
1.0,0.12076741001381987,0.021350978342963213,0.0035222955781077938,2.8800194505160844E-4,0.0,2.9685041338973285E-4,3
1.0,0.1488329501155388,0.01739532056852099,0.0031406743871657842,4.041465173973243E-4,0.0,4.121485914009671E-4,3
1.0,0.09550535443454171,0.009522708097877803,0.0017071014622229473,1.8848346368978994E-4,0.0,1.907556915117481E-4,3
1.0,0.12102763139016623,0.007045968206104026,0.0011715056807884716,1.5302224060183712E-4,0.0,1.540895296005002E-4,3
1.0,0.1890442964173781,0.00897028916553783,7.727052003518966E-4,9.576527156367316E-5,0.0,9.648840298666186E-5,4
1.0,0.24840805030553792,0.005947853949273406,6.105303707296703E-4,4.762838282388362E-5,0.0,4.715988881199285E-5,4
1.0,0.23095432128702806,0.014183381125806822,0.004346662229917248,1.0217892432909943E-5,0.001113381881433733,0.0,4
1.0,0.2027513279302583,0.010032840980628475,0.0028265874856048968,3.832172345944968E-6,6.31005277407089E-4,0.0,4
1.0,0.28921459077127093,0.010792844733787183,0.0031105295003752797,5.244741477422378E-6,9.030666131243304E-4,0.0,4
1.0,0.4021456582638308,0.009232452957057121,0.0051138029559777125,1.7608476232017785E-5,0.00205759099410883,0.0,4
1.0,0.17962127752898768,1.449793414776401E-4,1.4453740325525477E-4,2.095707698924883E-9,2.7639634571383458E-5,0.0,5
1.0,0.19616844799349292,0.0033250016951670218,0.0021255593912747036,1.9235934631983736E-6,5.237655305092552E-4,0.0,5
1.0,0.15138026254144743,0.001112608555358555,7.940077383778299E-4,2.2736809750569837E-7,1.539554670095821E-4,0.0,5
1.0,0.08690926392043456,2.803951412812466E-4,4.3198542459295137E-5,5.173063597093655E-6,0.0,5.174231816783008E-6,5
1.0,0.1674314577217931,2.3774408196104127E-4,3.34064555761086E-4,3.374061336975425E-8,6.988593545239455E-5,0.0,5
1.0,0.204168707550802,4.925575578545365E-4,1.7306977433032185E-4,6.579381872970402E-9,1.7694009088338145E-5,0.0,5
1.0,0.004139717809598099,3.821898164025037E-4,0.0014625338633687806,0.0,1.5267148313689012E-5,3.8458002981533805E-7,6
1.0,0.011280890592466513,0.0013951094763983503,0.004112978587499728,0.0,8.896632577013163E-5,2.1791046877429633E-6,6
1.0,0.01823955651568017,9.834314947735467E-4,0.0034093683432352326,0.0,1.8246781756648927E-4,3.0953293026252404E-6,6
1.0,0.0033686263647979228,0.0018155958888605792,0.0019550368416233546,4.419705420547367E-5,0.0,4.26652892660002E-5,6
1.0,0.0022417754783976376,0.001470454704539981,0.002536206095289091,6.106532285778182E-8,4.284900536293679E-5,0.0,6
1.0,0.004633299389970492,0.007290758571801968,8.431435524274894E-4,3.132453353635372E-5,0.0,3.0012807869285137E-5,6
1.0,0.2623580527287402,0.10908495596041726,0.039154832879400574,0.0036482568484307505,0.0,0.0012126823855631247,7
1.0,0.2821283022140173,0.10947666842085295,0.04130430368282458,0.0027093168798356525,0.0026751026136072886,0.0,7
1.0,0.2218795176132927,0.12078570384396657,0.040704746611057455,0.004720038388441437,0.0,0.002184500370864881,7
1.0,0.19242357748373862,0.14680771782906074,0.04771440690031363,0.009631146956469785,0.0,0.0074688204489091635,7
1.0,0.11264207383524041,0.030710622792660517,0.02542919967539953,4.620575147765245E-4,0.0017679335347330646,0.0,7
1.0,0.08057036610029225,0.08702427666435622,0.02054206061734143,0.003303800427779913,0.0,0.0032798481362609545,7
1.0,0.14428324441862167,0.07451641570021882,0.0401428900536629,3.7592592670412716E-4,0.0026912584618273613,0.0,8
1.0,0.16353406889770855,0.06654671371073291,0.027998593241631814,2.139721545698918E-4,7.984722699557106E-4,0.0,8
1.0,0.13184435367643108,0.05168600669640584,0.026552696443288573,1.3318935355874828E-4,0.001092955494897391,0.0,8
1.0,0.11457973614471446,0.04904230580785828,0.020647001757755756,0.0,1.0093212942263067E-4,5.3980742987074495E-5,8
1.0,0.12413271290633207,0.0428665437459925,0.020573974689943715,3.21738151173487E-5,7.958148575603414E-4,0.0,8
1.0,0.09980672374016039,0.031131460442470824,0.015505562645273743,0.0,3.342814256901158E-4,2.227189865794305E-6,8
1.0,0.09049437260948354,0.0278035459682545,0.025214080821214166,2.7745957744689073E-4,0.004418562281828778,0.0,9
1.0,0.056983862884389926,0.009112155637116924,0.0072444195878606,2.1456907124808885E-5,9.712908307829887E-4,0.0,9
1.0,0.07159922471390998,0.008730925944033711,0.009683107104561642,4.379896132505619E-5,0.001481366537523362,0.0,9
1.0,0.06035635231683052,0.008639623604912248,0.008749677679704892,2.6929842402838156E-5,0.0012211746000600867,0.0,9
1.0,0.09973810963431139,0.0027395526794924047,0.005518298167027313,5.720169341334756E-6,9.529710543195548E-4,0.0,9
1.0,0.11805370077193587,0.004096074486024411,0.008456437267280643,1.7904511348866262E-5,0.0017651729094861077,0.0,9
1.0,0.03308476583448427,0.0042579942419847675,0.0027144328784384315,9.402733825994054E-7,2.4337244445617052E-4,0.0,10
1.0,0.04090476265441244,0.013924318940996255,0.00433887209676266,6.8542384237022484E-6,4.348500887032281E-4,0.0,10
1.0,0.052643691079826645,0.0126685207549176,0.004667489036562634,8.060546470922329E-6,5.074969239583926E-4,0.0,10
1.0,0.10685628540621996,0.014050254322836504,0.010942908562509693,3.5415331891723006E-5,0.0019050240417089579,0.0,10
1.0,0.047990866164083844,0.014334268968659305,0.005130941846750884,9.299947205242013E-6,5.428626857644624E-4,0.0,10
1.0,0.05420590142138375,0.0061911828200649785,0.004934095583523178,7.695931717926532E-6,5.909767984014916E-4,0.0,10
1.0,0.2736646102449861,0.023751787628620298,0.021067590852805136,1.9982691867330858E-4,0.007005265322818421,0.0,11
1.0,0.25946275887681713,0.023559221740413572,0.021837307810885713,2.089199192634929E-4,0.007022852216276603,0.0,11
1.0,0.2669025463385945,0.02965053802457883,0.02729390862592227,3.1710616512452126E-4,0.008796544396559454,0.0,11
1.0,0.2706513222672736,0.020041934937147773,0.01879913829091961,1.4890303573048238E-4,0.006155861985066582,0.0,11
1.0,0.2671307247423113,0.021502863243395943,0.02031565695900794,1.720869191611476E-4,0.006595471153859776,0.0,11
1.0,0.2554885325272454,0.02988000684644278,0.025614701229282166,2.803466350788211E-4,0.008013863954093077,0.0,11
1.0,0.2554271687147758,0.011625026218090537,0.012423978413422894,5.498801297734098E-5,0.0038483098110359665,0.0,12
1.0,0.28188031734974156,0.021151568469250936,0.02005881405039236,1.6245050512576727E-4,0.006709250997088525,0.0,12
1.0,0.2916376403633702,0.01820909348731939,0.017313960952877856,1.2160230725389326E-4,0.005865611877453932,0.0,12
1.0,0.2710701207646266,0.01604076960253573,0.016683021050521083,1.0515217204577303E-4,0.005432374794673086,0.0,12
1.0,0.3043797018168337,0.022812147874988146,0.023082619870797152,2.1981594659001999E-4,0.008223419029139192,0.0,12
1.0,0.28584250103785036,0.017902486449572683,0.017877519543933226,1.2748410554231407E-4,0.006058258565710989,0.0,12
1.0,0.01673700234437839,0.0010570906864408186,3.334386489556183E-5,1.5648282796544602E-9,1.2251518065226954E-6,0.0,13
1.0,0.015504301840689929,6.100824905164096E-4,4.5887165634615306E-5,1.964626130577069E-9,4.532802162294222E-7,0.0,13
1.0,0.017344212026008228,6.486899915409229E-4,2.4981431792206584E-5,6.811790173120061E-7,0.0,6.805850715872824E-7,13
1.0,0.02568683502820073,0.0015951450326955614,1.0499325750744324E-4,1.097331047461343E-8,5.343134519965149E-7,0.0,13
1.0,0.014489223495295822,3.3368999769042374E-4,1.0162292140329021E-5,3.433576520381857E-7,0.0,3.433005745663356E-7,13
1.0,0.021190286667727612,6.722696544453896E-4,8.54422048042477E-6,8.408772304457362E-11,1.3706255952835642E-7,0.0,13
1.0,0.11551460486940394,0.02246443951770465,0.018546552111918937,1.6028328324544166E-4,0.003642479892329932,0.0,14
1.0,0.10895064803003429,0.019860990874941347,0.021410365197513895,1.7324880870686613E-4,0.004269575935484313,0.0,14
1.0,0.08639803284196138,0.010259833942101698,0.010269435318150812,3.430105856937997E-5,0.0015919879981860167,0.0,14
1.0,0.11551302134465469,0.010357621603116495,0.014898316299491284,6.202886280565247E-5,0.0029056416805935117,0.0,14
1.0,0.11105108832004813,0.006580534511571781,0.008199677960484784,1.7532935947928732E-5,0.0015065518666554948,0.0,14
1.0,0.13288292500547783,0.012590195790169638,0.014523256217715753,6.553475536974894E-5,0.0030401187433629993,0.0,14
1.0,0.049923103304592605,5.057556788598322E-4,0.0015055336444000792,4.2182181809242864E-7,1.7359119429793114E-4,0.0,15
1.0,0.08292995448615095,0.008513839485532443,0.00795728372289913,1.5024614145995956E-5,0.0012002127666745307,0.0,15
1.0,0.052094262074984334,0.005661246003036117,0.0010853395901181632,7.03371886554829E-7,5.529133891180436E-5,0.0,15
1.0,0.07973409320231985,0.010085033671149433,0.009807861814965752,2.722053094102388E-5,0.0014862356671812313,0.0,15
1.0,0.08775704961976064,0.007183446999582053,0.006615259317589577,1.533870306176902E-5,0.0010053792960443612,0.0,15
1.0,0.0832629565448507,0.016098435477165374,0.011133984457710492,4.724501829831175E-5,0.0017922355930612213,0.0,15
1.0,0.03400995202328516,0.012524670636063554,0.008752945921631543,3.6052956339343836E-5,3.3511957217630817E-4,0.0,1
1.0,0.12813494093927402,0.015059702055689664,0.022948087469803827,2.1265291139325193E-4,0.003800562516813979,0.0,1
1.0,0.021745828901023695,0.012363059310450831,0.005511121531277713,1.9611509833194484E-4,0.0,2.0463221002725988E-4,1
1.0,0.08745513974875163,0.012572058115350065,0.015511418495568604,9.524236861863501E-5,0.001484612877106553,0.0,2
1.0,0.10713273672834508,0.020674518467802674,0.01247205300940135,1.2174809627219952E-4,1.9259935696409097E-4,0.0,2
1.0,0.0744000130587298,0.022250724201707962,0.01791565901854405,1.80312127472234E-4,0.001306622704058278,0.0,2
1.0,0.11512636661794755,0.010473313572789135,0.0018549949456674617,1.623390029747937E-4,0.0,1.6433677735221193E-4,3
1.0,0.14962585843719609,0.0064321532142711645,0.0010950766551710849,5.215994756602023E-5,0.0,5.280916857989003E-5,3
1.0,0.14108667675336112,0.00887710900375833,0.0013625110247306258,9.132651972472455E-5,0.0,9.241784412997799E-5,3
1.0,0.08161635751337123,0.0014765223120974558,6.29214624653043E-4,1.3949899327374133E-7,8.335103287105544E-5,0.0,4
1.0,0.10029985047859567,9.040330000813365E-4,3.4987957434559126E-4,5.2609643946776994E-8,4.378786936605838E-5,0.0,4
1.0,0.10418326010372848,8.920791280098234E-4,4.052979967408639E-4,5.93606851672894E-8,6.06787194491774E-5,0.0,4
1.0,0.16157285942270627,0.00222815810852046,0.0013693513831083103,6.517029746573212E-7,2.7854723125506916E-4,0.0,5
1.0,0.17814418084830386,9.829893791171757E-5,1.2068953883052524E-4,3.942128011978614E-9,2.504272867186892E-5,0.0,5
1.0,0.15113542610190006,7.398175442097762E-4,3.050119148129919E-4,3.68429417397937E-8,4.7217160865904357E-5,0.0,5
1.0,0.021852509336339632,1.3248936163716893E-4,0.0068306716863939234,3.268400431362442E-6,6.02946019346255E-4,0.0,6
1.0,0.005011299956488838,6.829965662686069E-4,0.0025697000559210463,0.0,1.9228153759194907E-5,1.4851863216594738E-7,6
1.0,0.0019427359593451514,0.003535814200992513,0.004472228321845955,9.140847951059312E-6,1.1657842599567551E-4,0.0,6
1.0,0.07469753589443065,0.04484674246536116,0.02871772983017031,0.0025516799744993756,0.0,0.0026586220567649697,7
1.0,0.10656567253650506,0.10077106227144289,0.055691610436957445,0.00138724249301441,0.0,0.0010610153016369956,7
1.0,0.10409025976712859,0.09578064998164616,0.046544874073007496,0.0050657244068179775,0.0,0.0054581983481218534,7
1.0,0.13760652121650876,0.08630110525801159,0.03071029090840057,0.004053162094987587,0.0,0.003009069534903392,8
1.0,0.1624265045119551,0.0718712510984339,0.03015970947668016,0.0016698026461518785,0.0,6.356026730642681E-4,8
1.0,0.14823857837399068,0.0664184524453724,0.02807699231528755,0.0021525671405932243,0.0,0.0013538689362617333,8
1.0,0.0710288526968474,0.034437932975098805,0.01321810244691166,9.528773285994136E-5,0.001714209658722946,0.0,9
1.0,0.08169120377432286,0.035924006305632805,0.015218328254745195,1.2493631106377229E-4,0.002380560585570997,0.0,9
1.0,0.074820222655202,0.04832257151809652,0.01445984907910467,1.4203221625580596E-4,0.0020506633581462005,0.0,9
1.0,0.041201237287584104,0.007747061666309885,0.0012072794610784184,1.2470436771892772E-6,4.991483407736224E-5,0.0,10
1.0,0.02025492880563873,0.008881062788642202,3.4838458190738006E-4,1.419348003133358E-5,0.0,1.4190158080352578E-5,10
1.0,0.02723908033559505,0.0111836571331717,0.0010341233832197344,8.686412194856406E-6,0.0,8.171984440580917E-6,10
1.0,0.23116238830772423,0.02171966060351921,0.02184837104530503,1.903375378213242E-4,0.006544524119976307,0.0,11
1.0,0.24721751041644616,0.018280216337224146,0.018580968775829685,1.3518300704189255E-4,0.005728257318245718,0.0,11
1.0,0.2802217615052958,0.03408455364313011,0.03236366954669874,4.7882091017043536E-4,0.011259834419303926,0.0,11
1.0,0.29857215180269614,0.00732799015616542,0.008449967698161016,2.8038663122981867E-5,0.0029012330477834114,0.0,12
1.0,0.27214618215463005,0.008439413785744077,0.010409558324409283,3.905090352829553E-5,0.003322094765715471,0.0,12
1.0,0.2531468937275242,0.012636448053532152,0.012350916502113748,5.7675431501575586E-5,0.00378377029206595,0.0,12
1.0,0.022523328032076406,9.534114326435984E-4,5.557372580200897E-5,3.158683561170438E-6,0.0,3.159199110521262E-6,13
1.0,0.022442993103467878,0.0011919024959539126,3.02109571898712E-5,1.4701759823303494E-6,0.0,1.4695047870355531E-6,13
1.0,0.016819931911239,9.395368709365931E-4,2.2388102460493242E-5,0.0,5.6067781314991E-7,7.839970707387157E-11,13
1.0,0.13126289235730704,0.010435911870983446,0.008976484200356951,3.751085206142434E-5,0.0019599977825759418,0.0,14
1.0,0.11973946000890816,0.01328521702514895,0.011772886997399333,4.8361314601087796E-5,0.002437388685917801,0.0,14
1.0,0.09972142789926332,0.01522300122744777,0.011564352420937212,5.682059382544833E-5,0.0020562238738573743,0.0,14
1.0,0.013307275831596932,0.006809572085489235,9.698426933326497E-4,6.726261892586214E-7,3.3279514166363793E-5,0.0,15
1.0,0.02821558044508027,0.0029155197819417337,0.0012912384821508163,3.655413535658092E-7,8.826954227768165E-5,0.0,15
1.0,0.010763859284467157,4.946844794326105E-4,6.273841715185986E-4,1.1063696370128833E-9,2.9383473044136265E-5,0.0,15
1.0,0.021036402662528576,0.019498043584375048,0.0027201181764422797,2.267024089618869E-5,0.0,8.53342111676137E-6,1
1.0,0.16070912872858953,0.0828461355562861,0.01592840780329969,0.0029771723981362745,0.0,0.003256406733842208,1
1.0,0.06415615842114519,0.01132696502148572,0.00748659558143438,4.4474009786133666E-4,0.0,4.1242471514402304E-4,1
1.0,0.027308658209325914,0.007579571370815571,0.0018847378426679196,1.0728459081834891E-4,0.0,1.1133604042360967E-4,2
1.0,0.008750967086706363,6.666279289205572E-4,7.3523990870533E-4,1.0560611900521406E-7,3.081418164041437E-5,0.0,2
1.0,0.04782169735127678,0.01336930814258956,0.004492537071322816,1.8074934347598376E-5,0.0,1.1945909165688647E-5,2
1.0,0.1277099464030417,0.009271691743511471,0.0021273911146844657,0.0,9.903956634588772E-5,1.7338542468747393E-7,3
1.0,0.06671067016433839,0.01491410091837689,0.0066975229048626414,0.0,6.0574523160472564E-5,2.9458869042026183E-6,3
1.0,0.03573743819264335,0.008015981565291421,0.0015315644397867721,1.1733841803399157E-4,0.0,1.1888253717651503E-4,3
1.0,0.15530639604530175,0.0015800926846188715,7.070983025333413E-4,2.155822314900664E-7,1.177510062337417E-4,0.0,4
1.0,0.1806654711126856,0.006145690533532175,0.0019666335905670447,5.030260158634219E-7,2.3172277227033973E-4,0.0,4
1.0,0.08830137434310546,7.923821815986515E-4,3.67489082097092E-4,5.018005943098321E-8,4.729535203284103E-5,0.0,4
1.0,0.1976906104300571,5.39270221694275E-4,4.960069118373944E-4,8.509971176721748E-8,1.2179360501882108E-4,0.0,5
1.0,0.26852234757137233,0.0029994051755971064,0.0022798613987681004,2.208198903519638E-6,7.081036282046484E-4,0.0,5
1.0,0.24221489572713295,0.0029384186713349923,0.0010228159869100234,7.839255643562412E-7,1.73768031640667E-4,0.0,5
1.0,0.007301787903486108,6.798427626081905E-4,9.996953913758854E-4,2.8319128983422753E-5,0.0,2.8097348984055815E-5,6
1.0,0.02063653148488582,0.013479519165076179,0.015582143400241914,9.704583023262949E-5,0.0013669668503752854,0.0,6
1.0,0.004745696259820922,6.517179156438478E-4,9.681483072270786E-4,1.9832428910794687E-7,1.5833894085622042E-5,0.0,6
1.0,0.18653148283501647,0.20706826137701645,0.20913735876954465,0.02383748087064468,0.06053943877079565,0.0,7
1.0,0.015976291592379982,0.0019897593912341608,0.002615975215039646,1.3282888604875556E-4,0.0,1.3011124639723877E-4,7
1.0,0.03066139678528591,0.023408613434849648,0.006936130297540046,5.189986203715804E-4,0.0,4.7873386287258844E-4,7
1.0,0.13259815260600671,0.03536708033699833,0.02295256904749834,2.4597244551945256E-4,0.0035333565250116996,0.0,8
1.0,0.057566848658867624,0.03970027158349221,0.009102320098267494,0.001079766777969787,0.0,0.0010777021537871506,8
1.0,0.008896069963704276,0.011650564706976368,0.008771041560539228,2.0136862204554393E-4,0.0,1.5623805400019592E-4,8
1.0,0.2621336626522838,0.04458070207404888,0.04319182044043451,9.516378606440186E-4,0.015273665989930437,0.0,9
1.0,0.08595492055630974,0.0030621005960099505,0.0075141657608274294,1.5374877697827783E-5,0.0012097648077410335,0.0,9
1.0,0.04457346248501724,0.019424114587578888,0.015152601678876226,1.1288399479460601E-4,0.0018664855870781216,0.0,9
1.0,0.05382287308587347,0.0033153034808284187,0.0029993632015274177,2.8856027434978697E-6,3.247335784626469E-4,0.0,10
1.0,0.114188929457042,0.014410103280327166,0.010127140610920748,4.209089465743788E-5,0.0018934957792827636,0.0,10
1.0,0.002142141111085134,0.007460324043594517,9.54083197255839E-4,2.586898379393341E-7,2.0678105861100855E-5,0.0,10
1.0,0.2416076051175122,0.0096489515548461,0.010260761789141808,5.000912340540399E-5,0.0032600849545692642,0.0,11
1.0,0.2835060335104855,0.00475757789798182,0.00458450844312905,8.73785557881421E-6,0.0014345482385099485,0.0,11
1.0,0.21217879091720182,0.003890664417550213,0.005253995123654681,8.9319940468177E-6,0.0014584697978895745,0.0,11
1.0,0.1509078925638959,0.007725770712060483,0.00765701258256008,1.7141500448726338E-5,0.0016369852613426416,0.0,12
1.0,0.2986045532283367,0.0023151305776186477,0.002296544003887346,2.156934189271801E-6,7.524732035539243E-4,0.0,12
1.0,0.34369033746012345,0.049962015586437765,0.04594384985408398,0.0010112222876225085,0.0181759851026997,0.0,12
1.0,0.001751934180964935,0.005691330513473026,2.5330185904376147E-4,4.431570266847665E-6,0.0,4.439686456199923E-6,13
1.0,0.011280800379795753,8.880099274340239E-4,3.544823406909668E-5,8.281531825332626E-7,0.0,8.29447648479441E-7,13
1.0,0.005641653976652805,9.185232934270302E-4,3.0631215942062285E-6,7.203501615659822E-8,0.0,7.200411605666588E-8,13
1.0,0.18564853887413074,0.0018333897273284184,0.003970716419622488,4.304819581469778E-6,0.001090949907101237,0.0,14
1.0,0.06248874458229073,0.015244229787056284,0.008865773177985582,3.3512743934234114E-5,0.0012057508807756564,0.0,14
1.0,0.04551032937306098,0.004734491448945333,0.0019366659633098498,2.2541416280537654E-6,4.317136360546773E-5,0.0,14
1.0,0.051181831494891146,0.015157963441721791,0.0037228843337024863,2.598648231910262E-6,6.780262957691797E-5,0.0,15
1.0,0.025241203823443237,0.010119442183757241,0.0021403715171547173,1.6744116860902656E-6,1.373158176193078E-4,0.0,15
1.0,0.0198819631824048,0.0029385885544970826,0.002807290428050984,2.877539331425114E-7,1.8222990720948126E-4,0.0,15
1.0,0.0342609484934862,0.004703610200401562,0.004929720180596386,1.1845103583591099E-5,1.6701503615606158E-4,0.0,1
1.0,0.03265634004706007,0.0038559276799487166,0.012415287754849286,1.5911827287206405E-5,0.0012811835859980218,0.0,1
1.0,0.035881326400020806,0.02562378029006971,0.01784911969878953,1.8263449824201412E-4,7.240854109961872E-4,0.0,1
1.0,0.01877964323532264,0.00924089386842605,0.003710435047179843,1.01757375528139E-5,1.0541155053745284E-5,0.0,1
1.0,0.030255819025073405,0.031039596065279663,0.006819156686927865,4.89072136489208E-4,0.0,4.7056866764901635E-4,1
1.0,0.06203442455064263,0.048271029778226865,0.017254042944197284,7.92364397798527E-4,0.0,4.473383845982939E-4,1
1.0,0.0428311004332198,0.024675864840493687,0.008353179174935004,5.025445986130862E-4,0.0,5.111227112629441E-4,2
1.0,0.01537631639643908,0.0027641289046405134,0.0018040831266836143,1.4912438504911083E-6,5.8622091775576913E-5,0.0,2
1.0,0.03631572741555446,0.026195015373007387,0.005488740172552945,5.217679551820939E-4,0.0,5.511227471019075E-4,2
1.0,0.033196313734872196,0.004790484285967006,0.0034186952565124075,3.2106276609350284E-6,7.784135705090572E-5,0.0,2
1.0,9.687335265621844E-4,0.004684957484312776,0.0027866048590331808,2.1242612749924308E-5,0.0,2.4465359782292968E-5,2
1.0,0.005009900907664933,0.006005978948619138,0.0030202333014741857,1.1341523095115582E-4,0.0,1.1817369836383377E-4,2
1.0,0.08773976922892447,0.004691134143120881,0.001033102501511435,1.0189687170233785E-4,0.0,1.0260182072364989E-4,3
1.0,0.07272825677123332,0.004717582614095595,9.072542873578563E-4,6.238342986481764E-5,0.0,6.223480863717121E-5,3
1.0,0.06596756968168362,0.007845555971140948,0.0014317737337279678,1.510477199255256E-4,0.0,1.5163803085768238E-4,3
1.0,0.08093790556324845,0.014037210340160602,0.0020164388769118614,2.572825612190763E-4,0.0,2.593528064961954E-4,3
1.0,0.0502387397818398,0.007699546393765817,0.0013952123041525199,1.0599803018992353E-4,0.0,1.0630472279810833E-4,3
1.0,0.07835570099018363,0.011944497028371205,0.0019315079896643505,1.9311419350277121E-4,0.0,1.9334524323147393E-4,3
1.0,0.1702350194499167,0.0011911776602926848,7.49797684826392E-5,1.0587998906413445E-5,0.0,1.0586180577740908E-5,4
1.0,0.15742504962141077,0.003992354433216924,2.6785682209911114E-4,1.8494598950995154E-5,0.0,1.8567584648036093E-5,4
1.0,0.1577478025575448,0.0015976827414498954,4.592684264893019E-4,9.637018576993761E-8,8.504780034413277E-5,0.0,4
1.0,0.13579905864029992,0.0021671475738881552,8.652715950904382E-4,3.5662607498004977E-7,1.612413149744623E-4,0.0,4
1.0,0.16592170074597437,0.0019854470517916088,2.0149941193998018E-4,1.0421352060093867E-8,2.4050029278034687E-5,0.0,4
1.0,0.13248635440731193,0.002368960942741041,3.1746732838163237E-4,2.0686991927543967E-8,4.0112658469838434E-5,0.0,4
1.0,0.18713969700185573,2.8186250766535357E-4,2.1427514024230504E-4,2.157678958108276E-8,2.9744553078111713E-5,0.0,5
1.0,0.012198062895052654,0.13628939038483562,0.054509014481682445,0.004671300668794979,0.0,0.0029730319602069848,5
1.0,0.015848311486964094,0.18634140173244343,0.061618213734653995,0.006558162970699929,0.0,0.004716081721622933,5
1.0,0.010668547362595385,0.1901004332229289,0.0788793201700772,0.007680018128778079,0.0,0.003334923972723233,5
1.0,7.298506735552177E-4,0.30304539177529055,0.11336468707154768,0.009576162414339784,3.5294555530159216E-4,0.0,5
1.0,8.180012895596682E-5,0.3096270454999053,0.10597016042882856,0.008455328145259653,0.0,3.432286540472859E-4,5
1.0,0.002853890279623431,0.006803522002309633,0.010552878943824662,6.778315837616732E-6,3.230528904668098E-4,0.0,6
1.0,0.0016587039421309074,0.002001314797154771,0.0024424673865148716,2.0419231268479818E-6,8.896108676445926E-6,0.0,6
1.0,0.0071602125040561935,8.901660127335237E-5,0.0038476820621917715,1.0022459107917873E-6,1.3078417147463592E-4,0.0,6
1.0,0.016061990288906692,0.007381003502820075,0.012456737386988718,2.207303551663037E-5,9.282657829894438E-4,0.0,6
1.0,0.011499165588587707,7.619332365921862E-4,0.003369126254256778,1.7712042696873705E-7,1.4452187511449651E-4,0.0,6
1.0,0.01067934275478159,0.003501643655006513,0.006235342734087357,7.813752681945684E-6,2.651668532350556E-4,0.0,6
1.0,0.1906200073617008,0.022735564235471344,0.03609269116012856,4.914128918380073E-4,0.009665515767570151,0.0,7
1.0,0.17569933032036958,0.10342683919378082,0.043773210810345096,0.001852568978304073,0.007080792138106516,0.0,7
1.0,0.41131940259542066,0.13644999618167133,0.06933883613385536,0.006409974746280473,0.024111739974484653,0.0,7
1.0,0.2613672802267802,0.10987267675373122,0.06537524413726481,0.0043322576207861846,0.016630730604072358,0.0,7
1.0,0.33603734574667177,0.12513887116099467,0.06528370581770519,0.005647491075467261,0.018292497428407897,0.0,7
1.0,0.13945093802817546,0.06945285268586568,0.022238515553588946,5.165468699760763E-4,0.0019464602089290758,0.0,7
1.0,0.13858288311462363,0.02455045625059634,0.010411323139458854,1.856185815059574E-5,5.763045366444292E-4,0.0,8
1.0,0.134258238857194,0.025665359760544907,0.013048378093357146,4.8549914439639955E-5,0.0011858397317383673,0.0,8
1.0,0.15188161746831738,0.03465980300889495,0.014287261331737426,2.866671753788858E-5,8.3069952625966E-4,0.0,8
1.0,0.06604140446799564,0.04717785337245661,0.006863949366703436,6.9884704022442E-5,0.00107163991226523,0.0,8
1.0,0.10493750207541805,0.06407594081640386,0.022278603939714342,5.292162563490733E-4,0.004160832951067326,0.0,8
1.0,0.08100582699472783,0.0490653056856913,0.01796331991758956,2.9101556642151596E-4,0.002679167426085675,0.0,8
1.0,0.0222322225174882,0.03889799083472465,0.004284057135755283,2.4944033709774688E-5,2.3262271993373113E-4,0.0,9
1.0,0.022387735477114826,0.034763894951363686,0.0046759321305215006,2.638207602650399E-5,2.2507755272698374E-4,0.0,9
1.0,0.05404117238517332,0.0483095832792373,0.014495495648601097,1.2679452044519286E-4,0.00193676998468303,0.0,9
1.0,0.025983377185471366,0.03648884826015083,0.007246107271516941,4.704565320725569E-5,4.2009500117196904E-4,0.0,9
1.0,0.044824772390006144,0.036974818245311854,0.011774115419098891,7.391486374510429E-5,0.0014313409397778616,0.0,9
1.0,0.043741666456402595,0.0601894568118066,0.010485684900688356,1.180867095875299E-4,9.229630370506228E-4,0.0,9
1.0,0.019278955258698813,0.026948145336986914,0.020410823744918385,0.0015851137588626905,0.0,0.0013695556327385804,10
1.0,0.0028943811043654517,0.05762682363925468,0.019071747893432734,6.759404244670822E-4,0.0,4.103038105265952E-4,10
1.0,0.09716803515476502,0.012580442026346882,0.01646510212835087,1.113281066311501E-4,0.003003770188407148,0.0,10
1.0,0.05883200651566328,0.00828486755184021,0.015942358053906303,6.873314956343518E-5,0.002214509422898077,0.0,10
1.0,0.09102959751055181,0.006964195253975526,0.016520809679199614,7.67853345158371E-5,0.0028182614600673088,0.0,10
1.0,0.05898712469159202,0.007117290304642425,0.017198120903784805,1.376508488792635E-6,0.001410698380180684,0.0,10
1.0,0.005330790100696664,0.04751634028238942,0.0024228918710563377,0.0,7.853764939811155E-5,3.2698557674583E-6,11
1.0,0.02977429415277251,0.033249033399986125,3.59685846739428E-4,0.0,1.6051112644568183E-6,3.8171156043265145E-7,11
1.0,0.22539470030850145,0.01239362354889146,0.012213468824610925,1.8667391063709565E-5,0.0036329051867536946,0.0,11
1.0,0.2914688739654671,0.03401575885508028,0.029474398995592833,4.0444688797101246E-4,0.010628714398507497,0.0,11
1.0,0.3196306814438824,0.0361156719006501,0.03177761373092703,4.914039950045889E-4,0.012252015497611188,0.0,11
1.0,0.3489838906859776,0.03581969448492253,0.03298321891024217,5.351368437642001E-4,0.013434442725928664,0.0,11
1.0,0.4929200174329121,0.026980887686057456,0.028042675340768337,4.519491551330703E-4,0.015036669138321095,0.0,12
1.0,0.4107347863599252,0.056547275468515616,0.05712316461577527,0.0016980551609868048,0.026523183552907875,0.0,12
1.0,0.41018935788661187,0.05242723979495602,0.05334382139444191,0.0014699002448813965,0.024750798449615433,0.0,12
1.0,0.4523533589792987,0.06388897839323068,0.06559029136093888,0.001630904509814273,0.03293893429802595,0.0,12
1.0,0.23228633958555242,0.28612080306720383,0.20298701322315435,0.0,0.026340663537761322,0.02242422040095339,12
1.0,0.44136789859637365,0.17999953458631007,0.17114137161026466,0.016925120092640942,0.08480551248461242,0.0,12
0.948812783170453,1.0,0.775198740031269,0.32434718318570577,0.25690358995307944,0.39270717679809164,0.0,13
1.0,0.3161055419367642,0.031470124033683065,0.01684032434055597,1.4806864795801115E-4,0.006013163228809532,0.0,13
1.0,0.04145407827717974,0.004799556459046799,5.265700462906401E-4,1.7571440450311125E-7,4.6407060573642346E-5,0.0,13
1.0,0.04123827689383003,0.005295475426055238,6.547861725199823E-4,2.1939834326413528E-7,5.937164233819564E-5,0.0,13
1.0,0.04362955925961646,0.004542240109534665,4.215272969284054E-4,8.147770208717076E-8,3.893155002836911E-5,0.0,13
1.0,0.2263851287338805,0.097931659524474,0.06497340794444342,0.014627233491504984,0.0,0.013082013264501837,13
1.0,0.06890370112428734,0.005553343495879154,0.01182740285271545,1.1393097083646409E-5,0.0018060516037107035,0.0,14
1.0,0.050327717964776045,0.007755686732465866,0.0043772783382345064,8.359844676632618E-6,1.7333310345027335E-4,0.0,14
1.0,0.0911700269387047,0.021236892189320695,0.01937436304072688,4.2172218292869724E-5,0.0034329698580993335,0.0,14
1.0,0.10265195584075078,0.01848839732794542,0.018071394437356433,3.259970634333819E-5,0.003629484469726036,0.0,14
1.0,0.14836310249077475,0.01824980096853987,0.02906094184913542,1.6319948899056892E-4,0.00724542977638823,0.0,14
1.0,0.14948792052724122,0.011597840583346487,0.013412926033848966,2.181913325836436E-5,0.0032963686313616752,0.0,14
1.0,0.0664055016134224,0.003206401168044089,0.008767645654115029,1.5830762531927482E-5,0.0012602300606011647,0.0,15
1.0,0.08777173856231689,0.006754729155421488,0.013187369294108546,4.766249723058106E-5,0.002278152787309781,0.0,15
1.0,0.03315920422295799,0.018217624549045307,0.013165823992477782,6.493319948896322E-4,0.0,5.984274929698219E-4,15
1.0,0.04550454913513628,0.0036414437558372806,0.009758568778760555,1.923290145795333E-5,0.001144021398162763,0.0,15
1.0,0.08685866798609973,0.004718740026198754,0.010347712812473396,2.7416572461111283E-5,0.0017382984355919053,0.0,15
1.0,0.07908906496704773,0.006189705395522664,0.012765089935617393,4.2154243270999106E-5,0.0020907694230262396,0.0,15
1.0,0.055735456705750974,0.023402758759573896,0.006570151079610116,0.0,4.038721929993713E-4,1.7879771746824882E-5,1
1.0,0.04211344370642977,0.018559014633094686,0.006268035003189439,2.2993484796588187E-5,2.9768359282820543E-5,0.0,1
1.0,0.03587032735484762,0.04808920836526907,0.0020080697433060603,1.187343866044745E-4,0.0,1.1262346165612855E-4,1
1.0,0.12925164225915675,0.014373977781318397,0.0060352105298853475,5.616718006201867E-4,0.0,5.367136165419071E-4,1
1.0,0.053240968525854845,0.02650137785600007,0.00436071182717327,7.171491065591095E-5,0.0,6.311359045232762E-5,1
1.0,0.03938680832909991,0.033156195496366114,0.002237078871431487,1.3382355069686347E-4,0.0,1.279493774156211E-4,1
1.0,0.01870456925455331,0.08973644319575444,0.12597010299900066,0.006171355054868124,0.007334084884088402,0.0,2
1.0,0.011763453745326845,0.1251715237096865,0.17248327654846893,0.015581192284034935,0.009898388748546233,0.0,2
1.0,0.023610424362943486,0.045645733534800004,0.06746324527852907,0.004808373591764135,0.0,0.004138327457577129,2
1.0,0.01794076484731693,0.09795385485113907,0.08854157821578777,0.004136421657820459,6.07693310919483E-4,0.0,2
1.0,0.01015414533689661,0.041784948858665266,0.0631537156776189,0.0018200875571050409,0.0,0.0011170357091789052,2
1.0,0.03822039635649073,0.04724937256267042,0.045035601262721055,0.004028372174741617,0.0,0.004266018424971428,2
1.0,0.15057589644282646,0.019720982990489692,0.0037258822103335173,2.9740369264589275E-4,0.0,2.8774170834231714E-4,3
1.0,0.06193226805448301,9.200672853505866E-4,0.007314818893292893,7.842484189730627E-4,0.0,7.824467579657091E-4,3
1.0,0.061195621592474984,0.0018902566080919176,0.003836878445799701,4.871550462324332E-4,0.0,4.836546584843198E-4,3
1.0,0.04988778109091475,0.0018749551768974435,0.003753741727758466,4.3789645105459315E-4,0.0,4.345033538136829E-4,3
1.0,0.023168048728292676,0.005672714664090324,9.913255708498096E-4,7.352308429222596E-5,0.0,7.274920540522234E-5,3
1.0,0.20831410913911075,0.04330214081437483,0.007768154249837971,0.001179447458049404,0.0,0.0011530583382939749,3
1.0,0.07747943600331321,0.013864255062133816,2.8165075260065393E-4,1.2208827094874265E-7,3.815496081191152E-5,0.0,4
1.0,0.16753268209339042,0.005020764233093347,0.001170389749178495,0.0,1.4095019435389833E-4,9.341928238894628E-8,4
1.0,0.11843700565065317,0.01105623437008703,6.373745845433271E-4,0.0,3.894681219644185E-5,5.905950710128454E-7,4
1.0,0.21871473202258915,6.172304852356704E-4,7.834381027358089E-4,1.717955381843788E-4,0.0,1.7167015624917323E-4,4
1.0,0.17151918958847703,0.013143353785877167,0.001612061331323162,0.0,1.7835071601724528E-4,3.3287702988401155E-6,4
1.0,0.17979755077797166,0.01224146990693404,5.513844564220118E-4,9.778810946522129E-5,0.0,9.764470300329535E-5,4
1.0,0.1634460491142698,0.0064414770074575555,0.002637419715231008,3.7976943060939147E-6,5.567845839750042E-4,0.0,5
1.0,0.18158855316446276,0.0014473714595179305,0.0012600288476562502,5.840034454446326E-7,2.925784359095687E-4,0.0,5
1.0,0.26949051572904387,0.002320854260503418,0.0016493071471641919,1.2078193649275805E-6,4.912371640797576E-4,0.0,5
1.0,0.3002837067377885,0.0018881809312124146,0.0016119163881327132,1.104414941436595E-6,5.53275433312232E-4,0.0,5
1.0,0.2213608041609115,0.007798993656962999,0.0033432757025243127,6.587336676366246E-6,8.35906582583469E-4,0.0,5
1.0,0.21752602004604507,0.0018196253220090061,0.001277045128261252,6.208605103248988E-7,3.3700904036400504E-4,0.0,5
1.0,0.0067502104885811,0.00119332198297585,0.0027697571174237702,1.5507041323083748E-5,0.0,1.3839949859821193E-5,6
1.0,0.010129590420119258,0.002856109651233323,0.0016416987082541548,1.1545261725284983E-5,0.0,9.691370040119519E-6,6
1.0,0.0067224192008667055,2.69117218880494E-4,0.002238948377577321,0.0,2.5735305324914293E-6,5.6613810615682E-7,6
1.0,8.405892861068966E-4,0.004214812020978254,0.005073650762487608,1.0203943249426243E-5,6.008141562352154E-6,0.0,6
1.0,0.004076790155764661,0.0015492883801149341,0.003116349568165722,1.0807672118557602E-4,0.0,1.107051055255715E-4,6
1.0,5.966120118381121E-4,0.002883362531145967,0.0037243451323145265,4.1541277582852086E-6,2.3982731744534064E-6,0.0,6
1.0,0.283854378470795,0.07360814699211522,0.04694401599837131,0.0016211284968835691,0.01325025418055191,0.0,7
1.0,0.1339370709381304,0.0894814906881714,0.031322320616250975,9.479764009013267E-4,0.002865775909685166,0.0,7
1.0,0.13344782257574173,0.07757660121468374,0.03404406574635359,9.272102197690218E-4,0.004756951577645055,0.0,7
1.0,0.2079660024696815,0.11916147315417595,0.06234470468941129,0.0032105898170615957,0.014107649541894623,0.0,7
1.0,0.22415115990426052,0.16773648317861428,0.09171311260467552,0.0070952084342241995,0.01971532239698182,0.0,7
1.0,0.2563760397035122,0.14253282510212165,0.08421050712869896,0.005413249224609591,0.02548950953881186,0.0,7
1.0,0.005680105441369537,0.05846805879435673,0.02108834186575628,0.0,0.0011124161048257392,8.58446688396471E-5,8
1.0,0.1099516725045742,0.028823709659966675,0.10884395682329852,0.0,0.02483473471449382,0.004459296769383729,8
1.0,0.27986051151039837,0.14142460891443356,0.09611160818907574,0.005300087188264639,0.022504025731224366,0.0,8
1.0,0.14900094391769558,0.06047306127543448,0.24329866441702364,0.0,0.06483947526013982,0.009515514968568386,8
1.0,0.34875487695165647,0.1367006868968507,0.07642858510978771,0.003282054872632357,0.018544340420283294,0.0,8
1.0,0.3010611644138743,0.12382427026726657,0.08105868599627486,0.003379670381816934,0.024109466309408353,0.0,8
1.0,0.3390681513446293,0.06015630482259838,0.0660999536296824,0.0022764478276905645,0.028281264918676337,0.0,9
1.0,0.05546178466326863,0.018903787388131477,0.01035177329981605,6.538866874910033E-5,0.0014072318430837921,0.0,9
1.0,0.05696690453760665,0.02501094836035289,0.009709031566943901,6.843091658504436E-5,0.001209301273358903,0.0,9
1.0,0.09921066869901189,0.0076610764788879225,0.013549124615568574,6.603981569210994E-5,0.0025161001907967,0.0,9
1.0,0.1944226466126824,0.0214191607218139,0.03248293469358214,4.1517905931965374E-4,0.009244384628159153,0.0,9
1.0,0.10032326634795108,0.013020417056048474,0.009873391406853229,5.691434469438898E-5,0.0018630176059951345,0.0,9
1.0,0.0022945412280302524,0.02753865478512455,0.005405935504781476,1.777787928614662E-5,0.0,2.4732449912688044E-5,10
1.0,0.0024505253773353833,0.045147165211812376,0.011650275025371823,0.0,3.006836140959294E-4,9.773574815675432E-5,10
1.0,0.007193474213307695,0.012293908129952333,0.010364463168311253,0.0,9.208931392819283E-5,6.289023736057212E-5,10
1.0,0.02008443901109797,0.03501710173885497,0.008748326162957325,7.256530056802213E-4,0.0,7.566338216225807E-4,10
1.0,0.0014531083311061298,0.04528719291754904,0.010728836291680604,0.0,2.4851274594225723E-4,1.0345888529223007E-4,10
1.0,0.00864425578524055,0.030451941831645124,0.0059652636658549816,2.0160120405455088E-4,0.0,2.3758415433110182E-4,10
1.0,0.3746505617849915,0.02904842845152199,0.034881379055267905,5.566162553131845E-4,0.015099158867584403,0.0,11
1.0,0.10616655229555556,0.08252402859578184,0.006940153814051136,0.0,6.280819691897254E-4,1.2344590225832488E-4,11
1.0,0.10810619343425922,0.039408896716124575,0.014200737989314812,0.0,0.0029621715374868597,5.5442570936098693E-5,11
1.0,0.2552302001191997,0.02510275442155017,0.0048720785318686,0.0,5.372906764211811E-4,3.900565510282413E-5,11
1.0,0.18825928421498114,0.027933513997337,0.01350593557367103,2.712845082193824E-5,0.003663811116397813,0.0,11
1.0,0.09944392945104165,0.10520687982002415,0.006256905357769795,0.0,0.0012013287636115106,8.551327718706871E-5,11
1.0,0.37091648046955916,0.030666461056110303,0.032985273804962634,5.062040047982356E-4,0.01379281857262233,0.0,12
1.0,0.39892245911419466,0.05876216313034686,0.05821013980316885,0.0018119008803362084,0.026460885877775987,0.0,12
1.0,0.2266550621224745,0.08412218795372076,0.04677291894692836,0.0,0.0067017909205051105,0.001591387179600803,12
1.0,0.1132315892743361,0.21645545303524408,0.055710752739867545,0.013008963436746396,0.0,0.011289189657540905,12
1.0,0.41013615330181347,0.04641175388915241,0.04982514681908864,0.0012747061679655816,0.02310683912456945,0.0,12
1.0,0.407401024963084,0.03378336011736186,0.037922891226650005,7.284098930304032E-4,0.017458757527605024,0.0,12
0.901799372498157,0.03453348260133083,1.0,0.35961984646447864,0.06425195208495162,0.0,0.14095484450638227,13
1.0,9.335015514900597E-4,1.3505863845085256E-4,1.8418367406094723E-5,1.2846276338124965E-10,1.5545844754119693E-7,0.0,13
1.0,0.2955397379350878,0.19457212261525966,0.12279893794059073,0.009051164148570618,0.04551471966031247,0.0,13
1.0,0.035199327071509426,0.4352534973453131,0.4107202215447419,0.04573773742720114,0.036145789585678385,0.0,13
1.0,0.018491444512604323,0.019446542050962835,0.01076173115348554,2.1107532960114534E-5,4.6847407981320235E-4,0.0,13
0.04867485111872529,0.02697475885695033,0.25683686711703513,0.23835268866597656,1.0,0.17643867798069657,0.0,13
1.0,0.03871608203065365,0.024880279001436648,0.005295266010142338,0.0,6.476110021186849E-4,4.683189212305164E-6,14
1.0,0.29225979473682534,0.030389439600523364,0.03894113457525343,6.14582631295821E-4,0.014514955287172596,0.0,14
1.0,0.3877607114625085,0.10926496489299926,0.11164634452790521,0.007117517481589569,0.05232906588801459,0.0,14
1.0,0.030674099529918,0.05109011883589984,0.011645662444987454,1.4340736043837247E-4,0.0011788830150321122,0.0,14
1.0,0.3378342590258316,0.047120978673960395,0.05586261174841395,0.0015052683065147731,0.023592141391295948,0.0,14
1.0,0.04476887169931483,0.05480739531938778,0.014287116381297964,2.2285572031226211E-4,0.0021488044969446745,0.0,14
1.0,0.09710074073343838,0.00898750412729216,0.018363702235490963,1.0512154980898314E-4,0.0036941207960371676,0.0,15
1.0,0.039865594849641285,0.010912336367233799,4.715126830557485E-4,1.9207255775108183E-5,0.0,1.943536340452505E-5,15
1.0,0.04716969284201444,0.012815747705198532,0.011477583297296012,6.936274917275623E-5,0.001507356699203286,0.0,15
1.0,0.05806836493379798,0.0028301630790674645,0.012592843584622145,2.8516563539589027E-5,0.0017533183666781204,0.0,15
1.0,0.04209597902286385,0.010411168902616697,0.014070373393782904,0.0,0.0018153401758612313,1.6509370076109772E-5,15
1.0,0.056970968140536565,0.0015740643259026968,0.007383821750297152,1.1483978434601203E-5,9.936695654968123E-4,0.0,15
1.0,0.014828340598438582,0.0024533336792227534,0.0026905683287115566,1.1592154929471272E-6,1.5630122487776807E-4,0.0,1
1.0,7.549158201628767E-4,7.640997100351383E-4,0.001799851504713922,5.850175372373583E-7,2.4175673825470747E-5,0.0,1
1.0,0.014090069589100532,0.01830295186636636,0.004298085450182448,2.4323750405460764E-4,0.0,2.3171019382733462E-4,1
1.0,0.01015951222284914,0.007928897394911733,0.0032263196352667538,1.1409648472494548E-4,0.0,1.0826819167045616E-4,1
1.0,0.006033891947812629,0.0018877648063959104,0.0028657545041942496,2.050596692663977E-6,8.424070543212579E-5,0.0,1
1.0,0.06833637495004619,0.01865218939448568,0.009201363102251803,4.7548794960702834E-4,0.0,4.281372032890787E-4,1
1.0,0.014673588980746277,0.007478606392198329,8.886743822680891E-4,5.23406587533547E-5,0.0,5.3135876590373455E-5,2
1.0,0.0464575847275688,0.006362623908738849,0.0014881135348622887,2.00486398731698E-6,5.9193377955008186E-5,0.0,2
1.0,0.044314852282819506,0.012913040074852257,0.007563715545964044,5.84495027186212E-4,0.0,6.114562345957043E-4,2
1.0,0.023955977755602705,0.007810855550650942,0.0021750196280313555,1.6816173497697303E-4,0.0,1.6992024741849132E-4,2
1.0,0.018208386375225146,0.008440422562394656,0.0012760042737555005,7.005715285245724E-5,0.0,7.109247625797108E-5,2
1.0,0.03354422416486516,0.0031475676791140484,0.0017994359682274948,2.2219495385891195E-5,0.0,2.174230927801004E-5,2
1.0,0.010887726722934778,0.0013569867217659414,8.762277998272249E-4,3.938957799414212E-5,0.0,3.9573997997480326E-5,3
1.0,0.03010901192876723,0.0028316600433801998,6.389792492395976E-4,3.967158245971793E-5,0.0,3.972151722130021E-5,3
1.0,0.021275283498971356,0.0014580214181799563,7.897404265777804E-4,4.4249483603136556E-5,0.0,4.449554150318165E-5,3
1.0,0.03832806241378536,0.004897422053059234,0.0011482139882751324,9.67494873424938E-5,0.0,9.73738051655123E-5,3
1.0,0.02828316225417109,0.0054698223711010276,0.0016334662267140298,1.0825361914546516E-4,0.0,1.080845381762092E-4,3
1.0,0.03103973255797002,0.0038729174436753304,0.0013561951174116459,9.065728673291974E-5,0.0,9.08418247709057E-5,3
1.0,0.0737692388331219,3.8694698086959436E-4,1.8343451063220227E-4,1.4966704082375297E-8,2.2138565889419543E-5,0.0,4
1.0,0.08938943390550637,1.7799254034799097E-5,1.2512618979841637E-5,0.0,1.7975830402671525E-6,5.964601866106722E-11,4
1.0,0.13652988438911023,0.029609660543641354,0.026388478435598415,2.301107966987975E-4,0.004400900121726517,0.0,4
1.0,0.07081289296338765,5.361986521186771E-4,1.1130311225737202E-5,1.8327899283964447E-7,0.0,1.8329705489498892E-7,4
1.0,0.07061527240236491,0.001778441602109523,7.820208037344456E-5,1.062264976742324E-8,3.870048270958051E-6,0.0,4
1.0,0.13102588967864187,0.008346412797965035,1.9859699930247139E-4,3.46648297335403E-5,0.0,3.4744388188484014E-5,4
1.0,0.32553071790297067,0.004052194228582125,5.195454791941521E-4,4.5950408660471117E-5,0.0,4.6189323362573806E-5,5
1.0,0.17846351156658416,0.0016246244229777525,2.961591340598906E-4,1.4037500979061442E-5,0.0,1.3972524401423941E-5,5
1.0,0.21287995832664866,1.254672882567424E-4,3.895316657989784E-4,0.0,9.819923491612401E-5,1.851266721691362E-8,5
1.0,0.3882502105430687,8.887352720924626E-4,2.909423566370645E-4,3.433656773622252E-8,5.805382649797876E-5,0.0,5
1.0,0.29391822673421086,0.0043904802742460265,0.003951595459849982,5.932207943013453E-6,0.0013526360748832291,0.0,5
1.0,0.42611957054935506,0.0029195739911293183,0.002601157340630991,3.320165428413132E-6,0.0011746498031106022,0.0,5
1.0,0.007118657456644836,0.0023803295604565853,0.005650051837099559,3.825126462924528E-6,2.4234381681647937E-4,0.0,6
1.0,0.00418544305195394,0.0030332025383684996,0.014802429617240796,4.5298969466276116E-5,5.551728091945706E-4,0.0,6
1.0,0.01398156922967258,0.005944554064448518,0.021127663567594216,1.361558574525989E-4,0.0016439086621125626,0.0,6
1.0,0.005965327594493057,3.05645441208026E-4,0.0022886271532177285,5.567745652342344E-7,8.715917823054695E-5,0.0,6
1.0,0.022895197176501885,0.0025746283248902343,0.00580500595849664,7.5435154493224785E-6,4.48406656684709E-4,0.0,6
1.0,0.007517824869549245,0.0035669869971399915,0.01438591876630205,4.60781425943527E-5,6.795564838430058E-4,0.0,6
1.0,0.22211348905869568,0.030692846267089485,0.037157012940743944,8.156613852296834E-4,0.009861729837752777,0.0,7
1.0,0.33184359191566326,0.09600648479951981,0.10079215567956244,0.005792673008014123,0.038974152152490636,0.0,7
1.0,0.14268705270864745,0.043108453229798074,0.03643923378360742,6.545445711439995E-4,0.007386581394514847,0.0,7
1.0,0.10764962095629352,0.05179909534814224,0.044618728677141145,9.490079306168021E-4,0.007472934680354329,0.0,7
1.0,0.21475402930362844,0.08835680402486437,0.07718246294078075,0.003193828400788974,0.02242510711365669,0.0,7
1.0,0.11382176094387866,0.06414555003885318,0.05236993485423039,0.0016161301372799852,0.009752030426964188,0.0,7
1.0,0.07032802797849601,0.11576892343146966,0.13585223732122595,0.006247895733360303,0.023131567375796365,0.0,8
1.0,0.06581041128363463,0.06651979587569058,0.07480365530156229,0.0019316777221313726,0.01011708158941989,0.0,8
1.0,0.06133182656206468,0.019402527931271764,0.028017826631802488,1.7464309346564157E-4,0.003933913724976491,0.0,8
1.0,0.3284549781733287,0.24957428869867354,0.30643685730044534,0.061470635603401096,0.13210864575052397,0.0,8
1.0,0.0640773631821388,0.040107324908983694,0.060624997299037836,7.844462145735196E-4,0.00914170614158879,0.0,8
1.0,0.19231173482841357,0.13362079781447264,0.48893183448159194,0.09389164246245871,0.17395501733127422,0.0,8
1.0,0.1521342808058835,0.010180163140056014,0.014189339175847518,4.6859935348926594E-5,0.0033692808378010188,0.0,9
1.0,0.22101575093802683,0.021241083526386765,0.025119838195812445,2.3848727824050196E-4,0.0074622550259821245,0.0,9
1.0,0.3117080898752394,0.12663636891284816,0.10969597762482397,0.00670932685834485,0.04418442887811505,0.0,9
1.0,0.20564040737572506,0.06319868192019701,0.05456283782538907,0.0012937065315481975,0.015802035757981822,0.0,9
1.0,0.09125371316741487,0.032427172237416625,0.025114708708922528,0.0,0.004057158875300187,3.372816918205514E-4,9
1.0,0.18154014411472347,0.011581239926651676,0.05428668853519657,0.0,0.014136776828713409,9.914453735295696E-4,9
1.0,0.09868935209267027,0.06755973899964207,0.058422621664020236,0.0014220918735313496,0.010811938966408231,0.0,10
1.0,0.24898744361806188,0.09620904268040333,0.11146015358800146,0.0058456066340541145,0.03905062748256037,0.0,10
1.0,0.1188950998309443,0.030040412580475965,0.06206528840050356,9.248445332590069E-4,0.013730724349596985,0.0,10
1.0,0.2431751961980192,0.06762482682322822,0.08630809626590216,0.0034399745289299594,0.02936116329082328,0.0,10
1.0,0.1196749104491478,0.01626734202244826,0.03833368617194574,4.6173814200640284E-4,0.008631891334375055,0.0,10
1.0,0.19028292073839614,0.004766155858479199,0.018271704542218086,0.0,0.005228020103388665,6.751139959349036E-5,10
1.0,0.1689715390606714,0.056881875173725296,0.040988864068723735,0.0,0.00391073574108185,0.0012699722421004385,11
1.0,0.05456976484030817,0.17333310107147112,0.0706592843685408,0.009123360335589357,0.0,0.0060405213480405895,11
1.0,0.26638234707745007,0.05949305287118757,0.07268199367588385,0.0011597016072478407,0.02320974320181012,0.0,11
1.0,0.4212317126977566,0.19893636483267574,0.16151056324359306,0.01641073396155913,0.07844963024042689,0.0,11
1.0,0.22393608482483465,0.15392166644983152,0.09331187103165066,0.0,0.021603658884529378,0.007246635182300807,11
1.0,0.36342921597884736,0.12004993063570006,0.10581573367261736,0.006179766080199879,0.045101275888025476,0.0,11
1.0,0.7193203592717765,0.29773014953895666,0.27486394444957846,0.0639578364395869,0.2102668997079028,0.0,12
1.0,0.6284080745796757,0.3473374336776917,0.31879580880681924,0.07841575084050925,0.2169790860142358,0.0,12
1.0,0.35158707016354046,0.2026656658649519,0.16202567867503295,0.014563959022217528,0.06579748707421555,0.0,12
1.0,0.44062693852452806,0.349072792607433,0.30187705596957826,0.05845211650549518,0.15436249656667358,0.0,12
1.0,0.4577450112730421,0.24405570716687536,0.22339930355521176,0.03295090892652516,0.11794913459043502,0.0,12
1.0,0.39454791077301093,0.13266628926672955,0.10438081144688348,0.006797767915598302,0.048187310398313456,0.0,12
1.0,0.033317605273943465,5.705130313037905E-4,3.117570753198748E-4,1.1146443135113208E-8,1.0700305973923994E-5,0.0,13
1.0,0.028772476775980146,5.372707457505176E-5,5.70623452836222E-6,2.003372935045276E-11,3.1985748857113446E-7,0.0,13
1.0,0.006870396338289221,6.021502578838869E-4,1.973411034071528E-5,3.9679356288306345E-7,0.0,3.9634235053080274E-7,13
1.0,0.021089812029459313,1.21867556825828E-4,1.3303788759624414E-4,1.9711932960097345E-10,6.165170456393718E-6,0.0,13
1.0,0.018922877422142582,1.790515792718332E-4,1.2663652198523693E-5,5.297365734196797E-11,7.363999830540112E-7,0.0,13
0.0,0.0017400543370329699,0.017219573947678844,0.017490075997708108,1.0,0.05182874723249283,0.003644231075020394,13
1.0,0.3882479196998872,0.12489072143140204,0.0444929207886667,0.0027173708359974377,0.01571853669685813,0.0,14
1.0,0.4520947992586174,0.09642655155388197,0.11123050319941097,0.007631534799647313,0.059765142416261574,0.0,14
1.0,0.5650557024066777,0.1379009809871224,0.16373525979848128,0.019853976643368597,0.1088292116803373,0.0,14
1.0,0.6410193896337777,0.37273239940202346,0.3697124102916737,0.11669242808570732,0.2724959771916864,0.0,14
1.0,0.42390526563227204,0.14583746802268865,0.14891039179263552,0.015253429983811899,0.07987812110708628,0.0,14
1.0,0.5485812187609851,0.15703924147436196,0.2072419920100837,0.02893059040697581,0.13443578934838427,0.0,14
0.1900954314663423,0.0,0.6319381572682028,0.380393722729072,1.0,0.1499749283791862,0.21995462055903742,15
1.0,0.07941589162029783,0.01823288500174532,0.041576627681882194,4.080740157369155E-4,0.007363622703318506,0.0,15
1.0,0.11074866298975321,0.02399981357285923,0.024230985569686968,2.3028888195576744E-4,0.004718128374126538,0.0,15
1.0,0.1282651585877132,0.015071017103434827,0.055588270104648264,9.255077146140594E-4,0.012742870838785378,0.0,15
1.0,0.10072939709468731,0.04578663543036331,0.03742034047980689,5.816766829096951E-4,0.007188465002718621,0.0,15
1.0,0.12268450094925812,0.05279846400697973,0.05316747561406721,0.0011481186318048607,0.011676409006797757,0.0,15
1.0,0.040323097462098965,0.0013249880600715374,9.557946345392773E-4,0.0,3.7053864846955355E-5,6.04090901933268E-8,1
1.0,0.029389691309482817,0.003818703057640793,0.002449062648923959,1.1488333013842833E-6,6.734734877350071E-5,0.0,1
1.0,0.0028516941237214976,6.371795770041531E-4,0.001878302858792158,3.9373906694249296E-7,3.830991511195625E-5,0.0,1
1.0,0.01335252146833681,0.004388478195758175,0.0011693253400099737,5.101824603233484E-5,0.0,5.0269402890270804E-5,1
1.0,0.041354564884793145,0.002456600896684472,0.0010050470793219607,7.300624834055645E-5,0.0,7.262465918647761E-5,1
1.0,0.03361802125496513,0.0026297260008797934,0.0024239538024230208,2.060287514078233E-6,5.252781421627118E-6,0.0,1
1.0,0.016169095229065678,0.0015358952630913933,0.005652418456124918,7.220537310708877E-6,1.944890684829058E-4,0.0,2
1.0,0.028449927773786313,0.0014380287049103485,0.0036056336950440857,2.4751871749898845E-6,2.1360792954362346E-4,0.0,2
1.0,0.023742017422471073,0.004393762813379909,0.003566719942838796,3.858593634128457E-6,1.840244944995559E-4,0.0,2
1.0,0.06381109909873312,0.008103978178025998,0.007075423190002405,1.732923702729189E-5,5.72666368210372E-4,0.0,2
1.0,0.08845328888645462,0.002440061208303741,0.004960379394167757,7.005336460436366E-6,5.729516212030194E-4,0.0,2
1.0,0.014552697785997753,0.002790884032903004,0.0030695791450509,2.4529659052441142E-5,0.0,2.12427783130151E-5,2
1.0,0.011682266139725832,8.925266414138666E-4,0.00119667821485952,4.026221374483717E-7,5.0722635784829115E-5,0.0,3
1.0,0.025681952951197438,0.0013870285803533194,0.0010043475197269573,1.641319461753611E-7,5.940165372748864E-5,0.0,3
1.0,0.028861971247928837,6.955497919239464E-4,0.0011367878671599116,2.247957828349469E-7,7.559051670674336E-5,0.0,3
1.0,0.08070253159504588,0.011882178556232139,0.0025677551168293298,3.081644775756323E-4,0.0,3.0924069673127094E-4,3
1.0,0.09179741258702913,0.02067257893526972,0.0034938527656329494,4.963004984503004E-4,0.0,5.040126942090544E-4,3
1.0,0.11519939934461372,0.023531651204917958,0.0038087134779293008,6.003335895712532E-4,0.0,6.114753984096905E-4,3
1.0,0.07271102772801445,0.0072240074602392245,0.0010877650289513147,9.96734716551783E-7,1.029233069551724E-4,0.0,4
1.0,0.08723531132845527,1.8254302148025794E-4,1.0572940227923984E-4,4.291274273369373E-9,1.1282658467351348E-5,0.0,4
1.0,0.10480506738921361,0.0015754858047005926,3.645374489494914E-4,9.326591378097457E-8,3.084513529460855E-5,0.0,4
1.0,0.10770101332278603,0.004010618018832521,0.0011143631749845361,8.149480075107339E-7,1.0593528747886948E-4,0.0,4
1.0,0.11799358881961218,7.964512709674186E-4,3.886250160716904E-4,7.678011748607452E-8,5.1981595088805045E-5,0.0,4
1.0,0.08258823631256428,9.894193938008561E-4,4.4554331515365644E-4,8.01696630383096E-8,5.195991052932133E-5,0.0,4
1.0,0.2810504326827063,5.31401923020837E-4,1.0146983494195294E-4,1.1262468633326628E-8,1.667572637712844E-5,0.0,5
1.0,0.25771212590629533,1.984658122428906E-4,8.188947472589503E-5,5.259998387299596E-9,2.7071242348301633E-6,0.0,5
1.0,0.1667117312134141,0.027742874317383388,0.008031238578482173,8.225907506287647E-4,0.0,7.694066244270774E-4,5
1.0,0.3144082529797648,9.417088576205463E-4,8.187372394339952E-4,2.966134016723213E-7,2.833492664334675E-4,0.0,5
1.0,0.2453534339918094,5.980584748553367E-4,1.5521510986580964E-4,2.145795473456233E-5,0.0,2.1444094568875595E-5,5
1.0,0.25927977706801264,0.0012496148209674251,8.433009353717022E-4,3.0940743555197667E-7,2.4284830783246228E-4,0.0,5
1.0,0.02839863404551788,0.0018182910319187368,8.516131170173501E-4,2.2146837400025598E-7,4.265498206937223E-6,0.0,6
1.0,0.029061219844920553,0.0033581272289433415,0.003868492161064537,3.7297665278190818E-6,3.4608216302068565E-4,0.0,6
1.0,0.0029320128872644393,5.500822122699378E-4,4.078258294960553E-4,9.159901293036497E-6,0.0,9.156924167028305E-6,6
1.0,0.012066426788242664,2.2548335595505648E-4,5.833280435725089E-4,1.87205651571522E-5,0.0,1.866723147330477E-5,6
1.0,0.003467563484727294,1.229643436640759E-4,3.4837355069190117E-4,9.12449884092523E-6,0.0,9.137930613054553E-6,6
1.0,0.002108396561040052,7.945576283008602E-5,7.622747455589482E-4,1.4983819211872953E-5,0.0,1.503291063822487E-5,6
1.0,0.0988076496308183,0.016660998767558385,0.009954368016411932,4.7176387870486946E-5,0.0015618941229196656,0.0,7
1.0,0.11168645249709391,0.012747959516124202,0.006343484354450869,2.380241533147213E-5,5.137089295551978E-4,0.0,7
1.0,0.12137572284108224,0.027043025396580902,0.0172120358556863,1.541842185540972E-4,0.0024618098670097705,0.0,7
1.0,0.06630789596831307,0.013109895830688669,0.0052251695105480205,1.4380006737534792E-5,3.0525067379429474E-4,0.0,7
1.0,0.13338642765009381,0.016825424838212182,0.00737818794402126,3.6669575566338125E-5,6.085192447978538E-4,0.0,7
1.0,0.12300820943956461,0.019154170826162616,0.006454270355383842,3.2540773788934955E-5,3.494267462149845E-4,0.0,7
1.0,0.08583080932146027,0.010413409324430967,0.008216391208486497,0.0,3.8802759942617226E-4,7.524906327150262E-6,8
1.0,0.09182149913803658,0.019396826715640747,0.012692642289600509,4.018755291290591E-5,0.0015259088139073067,0.0,8
1.0,0.12547367505911422,0.032832959548909434,0.023611211132323146,1.7738110337618373E-4,0.003887402846889955,0.0,8
1.0,0.10351917738544332,0.023690786045639164,0.019445657575143174,1.1493630887477413E-4,0.0027659426938551833,0.0,8
1.0,0.07460948636943429,0.02230708028097015,0.0121781809526861,3.488594681600921E-5,8.552274523527143E-4,0.0,8
1.0,0.031128622161564687,0.006421691077246228,0.008569831961215468,9.657055060481769E-6,4.8360275276837516E-4,0.0,8
1.0,0.0517925921285516,9.935559010141866E-4,0.002507503307102217,5.863143031888537E-7,2.6412155572010787E-4,0.0,9
1.0,0.15007613440398784,0.002717374717957783,0.005152287306224815,0.0,0.0011619895921088804,1.5499364520086248E-6,9
1.0,0.05729953127514955,0.006396804234220998,0.00762229582922933,1.366510832790177E-5,9.001205033641042E-4,0.0,9
1.0,0.06740906653293101,0.007405807709158808,0.00393844367753158,9.49935930883036E-7,5.738623050669924E-4,0.0,9
1.0,0.053978506693655906,0.010558629977016218,0.00827657796709924,2.20798670543769E-5,9.52374952534137E-4,0.0,9
1.0,0.09600084458730798,0.005930351394779323,0.008416778596789007,0.0,0.0015663715036774097,2.169347338870673E-5,9
1.0,0.04424816256174409,0.001949986393929761,0.0028730207976657355,2.088566875334899E-6,2.920359181889837E-4,0.0,10
1.0,0.026353606738923733,3.8682731212281497E-4,0.002302904764235251,0.0,1.774375468923066E-4,1.9329976409935687E-7,10
1.0,0.007205582358656921,1.1617739142870253E-4,5.699260058376484E-4,0.0,2.144320000830584E-5,3.0626866282652715E-8,10
1.0,0.0016518169813564457,9.769582778974939E-4,5.59926446140864E-4,0.0,8.177076293276938E-6,1.1258338367797791E-7,10
1.0,9.936999843408855E-4,5.237316036317648E-4,8.956242817178923E-4,0.0,3.690600847848184E-6,1.7338150885357273E-7,10
1.0,0.00398921212494893,3.6785812639872643E-4,8.911663148527331E-4,1.343984517814069E-7,2.60299956209541E-5,0.0,10
1.0,0.1101326174744146,0.013790973012736652,0.011478374715092424,3.339411895543042E-5,0.00205909411464705,0.0,11
1.0,0.09452043057291484,0.018032440216957886,0.01050411726444975,2.1559853768484253E-5,0.0017710422998784166,0.0,11
1.0,0.1414179498389119,0.01625562382512718,0.01282092871296016,4.559226303408646E-5,0.002744805211767613,0.0,11
1.0,0.030715171469686893,0.016119569938895965,0.004735549859854507,0.0,4.255597728066852E-4,2.9230300811005034E-6,11
1.0,0.09375012681831155,0.016244791739019823,0.008582141829416218,6.692589184319316E-6,0.0014109989911390613,0.0,11
1.0,0.14690418911056205,0.01110276443598753,0.009426165128829237,2.2519820541120333E-5,0.0020336334239940993,0.0,11
1.0,0.25404680731386864,0.002849020710155347,0.007339851353761158,0.0,0.002373770806196937,9.499781897125117E-6,12
1.0,0.3090799692591924,0.037350433274147506,0.046521540343921,9.373547183614986E-4,0.017615410485979397,0.0,12
1.0,0.3191797597804093,0.0033466117414511242,0.017096726588151465,8.659271680046397E-5,0.00671211119955703,0.0,12
1.0,0.24398057894820835,0.024614194261166032,0.02597762884359599,2.6506876591398857E-4,0.00792729386644807,0.0,12
1.0,0.19986305652287845,0.02164690287679387,0.016882902036934218,1.240839952870193E-4,0.004303555147559472,0.0,12
1.0,0.2677216801359701,0.027052931541406273,0.03881836195861072,5.579419838104267E-4,0.012987950411795127,0.0,12
1.0,0.0038157597036155753,0.0038597241703786696,3.4918170488494225E-4,4.207263443607501E-6,0.0,4.307400070959597E-6,13
1.0,0.014294728569691675,0.002055589630520788,4.878553175981669E-4,3.651123494648824E-8,2.4153788670360817E-5,0.0,13
1.0,0.00881971736699136,0.0032633364235999346,3.720607671761816E-4,0.0,8.830967515855933E-6,5.514282805385295E-8,13
1.0,0.00846452086899525,0.0027331466115202633,1.9225094914578083E-4,1.325618517663197E-6,0.0,1.3474903519834741E-6,13
1.0,0.004084474208328983,0.008907617922831552,7.546012512457612E-4,4.299943306561215E-7,2.2141768770717235E-5,0.0,13
1.0,0.05490349077495094,4.324148265381482E-5,0.0052750952286013284,3.6481907763735327E-7,6.295581519130976E-4,0.0,13
1.0,0.05623593270289399,0.010239961293515388,0.011706842062064073,3.850600243715689E-5,0.0014312382768692422,0.0,14
1.0,0.07046023783252256,0.008055417465738521,0.00951028841277189,2.6203086243747247E-5,0.0013390341162406018,0.0,14
1.0,0.03114594915385562,0.006254915187396141,0.004551903692811604,6.5211893766693745E-6,3.902141489342515E-4,0.0,14
1.0,0.042287835496692294,0.01340702749723092,0.009773104761061671,2.8604898600208392E-5,0.0010281345966411514,0.0,14
1.0,0.03963881264778505,0.009838657171817764,0.005683716278354037,1.1162860664612057E-5,5.559481792165778E-4,0.0,14
1.0,0.026528505122860466,0.007677083405890753,0.005416665489702923,9.041922338393336E-6,4.301455519769618E-4,0.0,14
1.0,0.0024413609209745016,0.005936885015380047,2.556635923300882E-4,4.704058284711296E-6,0.0,4.62032539282646E-6,15
1.0,4.6645146209141895E-4,0.005279912787193397,5.960318395890123E-4,3.0332367316602653E-7,5.229321435291443E-6,0.0,15
1.0,0.001127130367861711,0.005263517984146659,2.688566014524451E-4,2.6831752473551563E-6,0.0,2.669044806837378E-6,15
1.0,3.0180676279666953E-4,0.001386395774082109,2.906032256450623E-4,3.4780373644141585E-8,2.068698413306291E-6,0.0,15
1.0,0.010095317793590335,0.001719965494696647,1.5590477237754907E-4,0.0,4.975228654168921E-6,1.4228624463077575E-9,15
1.0,0.001189467443923152,4.6446366750112775E-4,2.711871885125129E-4,3.6741615273370524E-6,0.0,3.6493450799925317E-6,15
1.0,0.008275083766407844,0.07717183785266486,0.0011740715807912507,5.9603121630000944E-5,0.0,6.604909728802278E-5,1
1.0,0.009026472168980563,0.11274306862632846,0.007991667548037372,6.56558311317947E-5,6.344168457707412E-4,0.0,1
1.0,0.042001507082738865,0.02276602467343258,0.006228910605135677,3.41067523418503E-4,0.0,3.1275223255219106E-4,1
1.0,0.0379300318456872,0.03950582945368769,0.043445583750782224,0.0,0.00637271164489702,8.335555305531156E-4,1
1.0,0.22067418727359472,0.04103147965222317,0.03974085218500269,0.001252766204086598,0.010967122851145514,0.0,1
1.0,0.2487678367082145,0.05473765880191643,0.026261532136763396,9.057042117912777E-4,0.004357605295473081,0.0,1
1.0,0.22974150523107964,0.1610289388773151,0.045820559443343574,0.00699665963855325,0.0,0.008735699801611064,2
1.0,0.21463650536534087,0.20430654052245847,0.0852781745700583,0.0023525635281488456,0.0029254263171964415,0.0,2
1.0,0.28507028252664296,0.08193494521554767,0.060385532739184226,0.001697343910011875,0.011187791375771208,0.0,2
1.0,0.19825576507238443,0.06348351304742102,0.03338950396030364,3.189602190730736E-4,0.0025281324521003257,0.0,2
1.0,0.22259790155926995,0.061858592439248405,0.0341291154064798,0.004097813691039515,0.0,0.004351286407786148,2
1.0,0.13372190781833038,0.1514249581404699,0.05583734041545021,0.0036164500415985824,0.0,0.005242054097714354,2
1.0,0.15495755977171347,0.02084459098631658,0.006244696294012723,3.214718126221322E-5,5.869011647478494E-4,0.0,3
1.0,0.13843058903322208,0.01891878699868823,0.006398362803616338,7.504731420791351E-4,0.0,7.452669083754396E-4,3
1.0,0.16981242425949775,0.015066983452515118,0.004000852895996219,7.438625054515856E-4,0.0,7.491802581988106E-4,3
1.0,0.22539627301165532,0.05596078378254511,0.00870692525287709,0.0016907846129852989,0.0,0.0016858679239279977,3
1.0,0.22306482361661176,0.02460223104836616,0.004384827826813305,3.868416008394264E-4,0.0,3.706767591038465E-4,3
1.0,0.2450695552435985,0.03852637166971218,0.007128589575556941,6.685476222635959E-4,0.0,6.237137405386717E-4,3
1.0,0.30641888600420997,0.0018884309589593275,3.269507796070885E-4,4.7887287051337104E-5,0.0,4.780024353955699E-5,4
1.0,0.330781169887601,0.006155481830582489,9.002105010244645E-4,2.2674072533203729E-4,0.0,2.2751792147459102E-4,4
1.0,0.28740340788865265,6.70590668047636E-4,4.407673613929848E-4,9.845158040045105E-8,1.2204256840196786E-4,0.0,4
1.0,0.31077165874258444,0.0015940167056462135,2.7691163642064645E-4,6.080674032503734E-5,0.0,6.079417575643047E-5,4
1.0,0.2996221680376101,3.4226642353928376E-4,1.6802355078144977E-4,3.498980273601606E-5,0.0,3.499102531606616E-5,4
1.0,0.327409412971327,0.001399278636700283,2.47424925527548E-4,6.677228419416797E-5,0.0,6.680520795067908E-5,4
1.0,0.3219005502441019,0.006845699011548425,0.003850319435660978,0.0,7.053492880990398E-4,7.372575702282351E-6,5
1.0,0.3711386978187934,0.010059305883695815,0.00929617975774705,6.585218520033569E-4,0.0,6.8151077030217E-4,5
1.0,0.37119632606792535,0.005977523966947017,0.004108179936901513,8.698987508593883E-6,0.00162891994296955,0.0,5
1.0,0.31981845032201467,0.0037244864980364987,0.002501126805815902,1.4120632242997798E-6,8.838660617884617E-4,0.0,5
1.0,0.3283183124293093,0.0038715613642946478,0.0020434123752575283,2.0313681934904675E-6,6.936057106084437E-4,0.0,5
1.0,0.3703436134544538,0.004021216609539709,0.0022568181986127264,2.672294728685454E-6,8.312396324771245E-4,0.0,5
1.0,0.002027994582216289,0.010162235693602454,0.013870595063878785,3.9880302955073424E-4,0.0,4.262869233102373E-4,6
1.0,0.010546803817394148,0.003180951242523079,0.001587892781909229,6.918449680279588E-5,0.0,6.894581281940487E-5,6
1.0,0.002249584047260037,0.010665612423737881,0.010324555980573788,3.3873150418693417E-4,0.0,3.124633784534682E-4,6
1.0,0.00854901049105644,0.01714970238056448,0.02300096203321647,0.0015028416381320565,0.0,0.0014946452964729332,6
1.0,0.029889303560525226,0.00589019733909922,0.005727910670618992,5.879772375309724E-4,0.0,5.725944064546971E-4,6
1.0,0.02250171050020372,0.005691548761428332,0.017542586452414875,0.0016672913197063963,0.0,0.0016447136912960093,6
1.0,0.10047400746668415,0.07944689234971872,0.07326701375118869,0.0028468776497031826,0.010620576177676694,0.0,7
1.0,0.19283958107453725,0.08571535249620434,0.0475182743706639,0.001811798790803015,0.008366214396051988,0.0,7
1.0,0.17992323553646994,0.16522257026126017,0.13686696116589492,0.012642475967157485,0.03773942541058884,0.0,7
1.0,0.16932512048487633,0.08237924148779344,0.058689082185349316,0.0022244635635667847,0.013151773184325815,0.0,7
1.0,0.1673267234072431,0.1096507629085463,0.04823214732057308,0.0021678360476784504,0.008028233610836663,0.0,7
1.0,0.134306736062734,0.134005178268605,0.08603741463258753,0.005385723946411219,0.01841090169155592,0.0,7
1.0,0.23100951813552162,0.10371693791476655,0.021062441746294423,0.0038893774899159245,0.0,0.0043889774787265546,8
1.0,0.46951540989732615,0.5222960014071292,0.13831843858124662,0.04135909709247428,0.0,0.042839680906985596,8
1.0,0.21601228220648402,0.13184875377749436,0.05828431293911304,0.0014553152215104328,0.007248470771755649,0.0,8
1.0,0.24500748962523475,0.15810738181139083,0.057275688717579654,5.764729670580687E-4,0.0016781964980771822,0.0,8
1.0,0.23851606842339748,0.16826873342106452,0.0585402252507228,9.052995621825102E-4,0.004140851416046707,0.0,8
1.0,0.25216978519297273,0.17038475722546848,0.06548374943217554,0.0016630070784438929,0.010042743578710633,0.0,8
1.0,0.38850417439355506,0.1971085623126636,0.05568653299687592,3.8710715842288595E-4,0.02536368990155233,0.0,9
1.0,0.36507556621767784,0.0716009052400303,0.05370114277612847,0.001806939055045149,0.02249126627990676,0.0,9
1.0,0.20604300194322683,0.05854089957778832,0.015133996717798553,0.0,0.0034661332771617768,9.452376483239914E-5,9
1.0,0.1638207870317041,0.06549269245818266,0.011076971959893716,0.0,0.0015223258486319119,1.4267859406947122E-4,9
1.0,0.23861939708909105,0.03263161876721703,0.03744661099848928,4.970055751397516E-4,0.011764164227549896,0.0,9
1.0,0.2584272307849605,0.06062849418264931,0.048825722422078686,7.880294452400874E-4,0.01648518504334222,0.0,9
1.0,0.20186149505524614,0.049258389380846306,0.022452048430988185,5.229932281751377E-4,0.004931510780070667,0.0,10
1.0,0.04698880585523009,0.010670611176760676,0.014117547018518034,5.3448265719864935E-6,0.0019841302565157923,0.0,10
1.0,0.23223914685966326,0.15673812016092892,0.0712329149879844,0.005654607013114298,0.017621848845188182,0.0,10
1.0,0.08471466679344529,0.028351417318440084,0.020196153617020422,2.4621105137126556E-4,0.0021340974331453513,0.0,10
1.0,0.002409990018578122,0.03177351578485937,1.1616073748955148E-4,2.78330861729214E-6,0.0,2.8738433544761844E-6,10
1.0,0.20722736307791662,0.07425886022433631,0.08506282789236363,0.003536551388602236,0.027953819971853505,0.0,10
1.0,0.4284961478330002,0.42870103360944184,0.1099278215181837,0.03452555633038361,0.0,0.029793821504349973,11
1.0,0.3375961959754365,0.42253881863909526,0.13079631248947632,0.029286447896698056,0.0,0.010965265212585285,11
1.0,0.017659851109836488,0.1045904755898907,0.1754463736860155,0.017026771247338954,0.007986339253640696,0.0,11
1.0,0.25780630223241463,0.6364664767512638,0.2724983664412386,0.0792694353634035,0.026771742660685997,0.0,11
1.0,0.29179089362409666,0.6353978901345849,0.2908382352579158,0.09313361101802196,0.030309856315568855,0.0,11
0.920771041348863,0.299685041618209,1.0,0.4838934928494089,0.2857577349933327,0.10251461916590018,0.0,11
1.0,0.35139584771352045,0.4438134043285351,0.15738973921038155,0.04320011197526396,0.0,0.04726887347684008,12
1.0,0.32791710157685905,0.4445251317793529,0.13499158719008186,0.03771473800496684,0.0,0.04795448205541046,12
1.0,0.3507967965507671,0.47533630524436676,0.15511736738102194,0.04400727302062734,0.0,0.05868709047357234,12
1.0,0.3806910312858672,0.40160222447807087,0.12765585095345475,0.0368895812511933,0.0,0.04549043404340217,12
1.0,0.36432805901678594,0.24766645299417286,0.05185294806442733,0.007029004224764663,0.0,0.008441059031671,12
1.0,0.03679156024535324,0.12217798532811838,0.7437565838986504,0.2072218276064561,0.0,0.06874800098898916,12
1.0,0.014858263913982393,8.607906453805764E-5,1.1378304297201484E-5,5.058572159197307E-7,0.0,5.057755815631466E-7,13
0.9001151537474169,0.0,0.05251000004246591,1.0,0.05790704094657397,0.06878011353544053,0.08195406455994322,13
1.0,0.017667795283231227,7.943145943093909E-6,9.148742591940687E-6,6.727878843397179E-12,1.8994260250796908E-8,0.0,13
1.0,0.020385392442262826,5.508704050961007E-5,7.514725153995375E-5,0.0,4.915395565905717E-7,3.4262581822438043E-10,13
1.0,0.037896594561286766,3.08076551652095E-4,1.2621022605602356E-4,1.7750780604208944E-9,1.558812347294953E-6,0.0,13
1.0,0.015341468099257632,7.490146999399158E-4,0.024280663939471044,6.206019719478929E-4,0.0,6.120723517398593E-4,13
1.0,0.19703626041789596,0.05669020335666607,0.022552505701942664,4.0215579655901505E-4,0.004966670043887325,0.0,14
1.0,0.1249213483917166,0.016205503183695555,0.01239931084264523,5.5440093321570657E-5,0.002432886402491262,0.0,14
1.0,0.13209729253205998,0.047186656497398595,0.03521351994131758,5.266138676047743E-4,0.0075445341517867155,0.0,14
1.0,0.18178252366754588,0.04575481707283303,0.01780608629099841,2.5392813713905825E-4,0.0040456580016686484,0.0,14
1.0,0.11667651350002518,0.03720482463412144,0.010847424561336114,9.826659357823206E-5,0.0013526273120905263,0.0,14
1.0,0.08769844652948261,0.028914514934757732,0.013116211681795407,8.606147568215847E-5,0.00216120047696359,0.0,14
1.0,0.02093453099434673,0.043263800588777435,6.896323120911653E-4,5.560768297188266E-8,5.88306226284129E-5,0.0,15
1.0,0.10499972272072676,0.013884973708473953,0.015621519433693946,1.0564125811013383E-4,0.0028421532863192344,0.0,15
1.0,0.12180489224288461,0.011867228641199675,0.021307204184669182,1.67540330851361E-4,0.004694970215889683,0.0,15
1.0,0.17241671302572778,0.07219436831843104,6.051956011949616E-4,1.1989229366684904E-4,0.0,1.207322314886653E-4,15
1.0,0.11300594233945709,0.12755661506085755,0.07429136576592842,0.0,0.01594027609823149,6.517588028302945E-5,15
1.0,0.21606522558824723,0.21289589493499453,0.08816214748836172,0.0036066521171150634,0.030418653854361478,0.0,15
