1.0,0.03256280604477079,0.022215785469578867,0.008704112923656802,4.852848596658291E-4,0.0,5.281660030192494E-4,1
1.0,0.012015199753061789,0.005026580758114122,0.0013601643584869663,0.0,2.3423970090739132E-5,5.809398214931758E-7,1
1.0,0.010017231896669058,0.0023958210299574044,2.5639708155639E-4,3.088810528023889E-6,0.0,3.1376891180396197E-6,1
1.0,0.020201303470862873,0.0073316000566203505,0.0022012105572926026,5.051141408461677E-5,0.0,5.27721289363799E-5,1
1.0,0.016815363532230097,0.005026057243969274,0.0018462342247527353,2.4987084811920805E-5,0.0,2.6175922912035185E-5,1
1.0,0.019868139645274813,0.007547058649029699,0.0028880844061168532,0.0,1.0709290278891324E-5,1.8034591568727872E-6,1
1.0,0.0054966256289030735,0.006921649626171355,0.0010757239823977448,6.687694254712871E-7,2.741862896001625E-6,0.0,2
1.0,0.008540439694521448,0.003250636630528732,9.544686790139814E-4,4.3964211391702267E-7,3.470559867586739E-6,0.0,2
1.0,0.009657970183326906,0.0038847789634171535,9.515405848750374E-4,5.127785285629388E-7,2.9731204402521903E-5,0.0,2
1.0,0.01285842844087078,0.00796605522421735,0.0011893466223010264,1.3550621907779507E-5,0.0,1.268572334695959E-5,2
1.0,0.006286234817962362,0.005076010444263817,7.703709069179312E-4,4.0448935738271266E-7,8.35097513690779E-6,0.0,2
1.0,0.00644631083016882,0.006041067422981122,6.772088432184209E-4,6.334365605625124E-6,0.0,5.998053457086904E-6,2
1.0,0.060114984880047684,0.007340517562184053,0.0010267107986254554,4.0303300683189945E-5,0.0,4.094896963890063E-5,3
1.0,0.04926137065503911,0.005767422259715195,5.391838504266327E-4,4.6117268055032414E-5,0.0,4.6329748567719505E-5,3
1.0,0.07839715445377775,0.01010517053961326,0.0012335158743383063,1.1257321948871424E-4,0.0,1.1378625030167884E-4,3
1.0,0.06416504939586719,0.008687750324843662,9.586042397625417E-4,7.19641487162518E-5,0.0,7.269079123123878E-5,3
1.0,0.08111199371783943,0.007284814048716496,8.18349780793362E-4,8.01878458797789E-5,0.0,8.07265665807207E-5,3
1.0,0.08424541005710169,0.009641521964236581,0.001236524797811505,7.444380001262367E-5,0.0,7.563060546364236E-5,3
1.0,0.1238902037681148,5.22724178647719E-4,5.654159692570108E-5,1.7481419173218994E-6,0.0,1.7458058601572914E-6,4
1.0,0.15936613505766972,1.4136596347647716E-4,1.5125315793899124E-5,1.493955554936497E-6,0.0,1.4941610050056342E-6,4
1.0,0.13450774950005331,0.0011277593249887016,2.029576958831765E-4,3.366833896540532E-8,1.6808303378100804E-5,0.0,4
1.0,0.1254382621170469,8.606385960434974E-4,7.210515945001377E-5,1.0154729670650906E-5,0.0,1.0156860422186688E-5,4
1.0,0.13431228803150116,2.653604196713597E-4,2.495476198729063E-5,3.810576248682317E-6,0.0,3.8110562838108356E-6,4
1.0,0.1090588280660185,8.448081505963326E-4,7.71340805811979E-5,7.70622068514917E-6,0.0,7.70544103599156E-6,4
1.0,0.0058670751253237854,8.646689335145158E-4,1.7339468099869567E-5,9.46577922420683E-9,0.0,9.819929563354126E-9,5
1.0,0.02132961235593695,7.125350923823642E-5,4.002407159253851E-6,0.0,4.759651054110166E-8,3.749455368170752E-12,5
1.0,0.09094741218286481,6.718834665193868E-4,1.2594948134846714E-4,9.034022308807628E-9,1.67815615908182E-5,0.0,5
1.0,0.07121439151209819,0.0016392426706498921,1.1691721202256763E-4,6.722536743861424E-7,0.0,6.816411988231955E-7,5
1.0,0.03756158302324517,0.0014251357374418933,3.4487101731096044E-5,2.355318492559903E-6,0.0,2.35685417088799E-6,5
1.0,0.06731537868643746,2.4668356311748855E-4,1.5131093743183468E-5,1.4389506194546488E-6,0.0,1.4391588728796842E-6,5
1.0,0.007861851414073195,3.369610669672461E-4,1.2460845040828574E-4,4.892060255335066E-6,0.0,4.885355599600188E-6,6
1.0,0.008663422511176978,0.0017890974882583412,0.005766660038417788,2.5019764093885344E-4,0.0,2.509398477695684E-4,6
1.0,0.001220344003772416,0.0019298781158922965,0.00391831978893014,6.072909462316963E-5,0.0,5.6547767010906265E-5,6
1.0,0.012313463773339174,1.8856921277983355E-4,0.0011436377522279287,5.8361202055152055E-5,0.0,5.837276802642598E-5,6
1.0,0.01611955891308797,3.700526488532228E-4,0.0011662972500771761,7.051876670602106E-5,0.0,7.062750447418583E-5,6
1.0,0.014188829653836402,2.2166210312860645E-4,7.781255287297869E-4,1.6536513314036966E-5,0.0,1.6428639204760654E-5,6
1.0,0.14404402286258425,0.05248390502900044,0.009855856221097255,0.0012723767263729101,0.0,0.0013568574958269261,7
1.0,0.12462406509721645,0.050669037538414285,0.009940994981729867,0.0010244140766831103,0.0,0.0011132984957870752,7
1.0,0.17447195246210417,0.048702495594917884,0.008854981910403945,0.0013981978150496256,0.0,0.0014782512887233014,7
1.0,0.24905929184377165,0.0654985266003114,0.01346145515803559,0.003310936474869176,0.0,0.0033873667657292193,7
1.0,0.1951377859289343,0.05462466774672538,0.013266766608632801,0.0016252836438692708,0.0,0.0014880986472887105,7
1.0,0.13390936290484728,0.049569201682886296,0.010463399108498458,0.0015365859671282007,0.0,0.0016384463117755299,7
1.0,0.13498791399267143,0.033941420930903986,0.0053763559728438725,7.96958796251729E-4,0.0,8.21788553867717E-4,8
1.0,0.13143847997619873,0.03468548346854855,0.007021639527180619,0.0011002029430844371,0.0,0.0011375676551144671,8
1.0,0.1023576081813962,0.029723235190612155,0.005818408302613714,6.179462656826459E-4,0.0,6.450032042919891E-4,8
1.0,0.13821449772342523,0.018266798033648217,0.0028228612388942276,3.3211898428337665E-4,0.0,3.387991904956571E-4,8
1.0,0.13725703429107158,0.030815213455352573,0.004519384598790439,7.540887621185536E-4,0.0,7.621447819055992E-4,8
1.0,0.09895773882247441,0.02536268909982171,0.004486955280014229,5.461106447226477E-4,0.0,5.615139766453573E-4,8
1.0,0.13288672392352788,0.012189255752513731,0.0017882486478972752,2.065890480243828E-4,0.0,2.0490962816935754E-4,9
1.0,0.17592671553368286,0.004757967722631635,0.006857436797389745,1.2180386942802481E-5,0.0016738681370208313,0.0,9
1.0,0.24761380832143468,0.003934692088085466,0.002199078025329905,2.474194309962249E-6,5.211764091932374E-4,0.0,9
1.0,0.28863163871933695,0.0021430367321389537,0.002088718787748514,2.5349951613524665E-6,6.572633714461145E-4,0.0,9
1.0,0.1950548901568278,8.131308255820382E-4,3.236184987977568E-4,6.621325217733969E-8,4.940391960289041E-5,0.0,9
1.0,0.1581111749293655,4.9737673382742E-4,7.74954352706209E-5,6.361905050401748E-9,1.0209141956938297E-5,0.0,9
1.0,0.060613305154625305,0.0029630316202114903,2.1391959968495512E-4,1.6461801132619225E-5,0.0,1.6463323892391248E-5,10
1.0,0.009345155964808628,7.725570504590574E-4,2.253125839772396E-6,7.842393836432518E-8,0.0,7.844287967242493E-8,10
1.0,0.02277161969244943,0.0015064420293946531,1.351830573127158E-4,3.973136500793008E-6,0.0,3.961913404811698E-6,10
1.0,0.02695029458114417,9.215440764327105E-4,5.442414613586819E-5,8.808306409831628E-10,1.934683005628912E-6,0.0,10
1.0,0.004126011910849247,0.007763325049779299,1.4556327942034678E-4,3.1946137485785444E-6,0.0,3.2361428886971593E-6,10
1.0,0.008465499050944349,0.0034709913308312015,6.415406840871514E-5,1.9670753990229766E-6,0.0,1.9740648479294454E-6,10
1.0,0.14902914227074032,1.008802431655995E-4,6.970113794877509E-5,1.0040634394039144E-9,1.346502127599048E-5,0.0,11
1.0,0.17832379846203958,1.846161310593275E-4,1.527524193861068E-5,2.536934327656853E-6,0.0,2.537163150246155E-6,11
1.0,0.1348832537286836,9.181261475266892E-4,1.0125277387637861E-4,8.655521635558939E-6,0.0,8.663267143811158E-6,11
1.0,0.23899429683244042,0.0013735391879686027,4.235694533876574E-4,1.4039570252507743E-7,6.306222836355487E-5,0.0,11
1.0,0.2524096308057405,0.002792937012223709,8.273479886210194E-4,5.721222647427185E-7,1.4134817225974378E-4,0.0,11
1.0,0.23167351460335187,0.002248921056203612,9.404803657382264E-4,5.21326662908927E-7,1.8956065948517897E-4,0.0,11
1.0,0.1525064250391357,5.133098690568624E-4,1.7734142062839143E-4,1.5939294128299815E-8,3.3133092522549934E-5,0.0,12
1.0,0.18990135222812468,0.0033196337804493677,9.978526763443415E-4,6.874147140636779E-7,1.7448486676443936E-4,0.0,12
1.0,0.19839749970306403,0.0010517574588773232,3.1953763302072655E-4,4.5051594933341986E-8,7.355482610405488E-5,0.0,12
1.0,0.21526056771240523,0.004044583820367724,6.133337032634844E-4,2.1739402565171312E-5,0.0,2.1400494364702036E-5,12
1.0,0.2045319606732183,9.70142319172073E-4,4.2862790070821645E-4,9.123527734984165E-8,1.0046181658435276E-4,0.0,12
1.0,0.1843852923189358,0.0027035646697624975,3.9605580937636967E-4,1.31930344386924E-5,0.0,1.305707518098494E-5,12
1.0,0.02579757964220195,0.0016142709364743543,4.899452583357813E-5,1.8817770746490896E-7,0.0,1.8555308829024645E-7,13
1.0,0.011282899899289347,2.403968752194005E-4,3.9682004293377046E-6,2.9124224751455886E-11,1.469451090933707E-7,0.0,13
1.0,0.01090891834091627,6.135578696687961E-4,6.2545693806108815E-6,2.3871547062614247E-7,0.0,2.387659288818836E-7,13
1.0,0.012189614091970908,3.308021260202998E-4,2.8676146733223223E-6,7.098990904823435E-8,0.0,7.099019430632823E-8,13
1.0,0.023580647511006164,0.0010139818055789642,2.966892479147165E-5,1.2599920813219027E-9,1.4371707091334269E-6,0.0,13
1.0,0.015914508445022013,8.839930694542944E-4,2.4115994093179734E-5,7.342127018542702E-10,1.203017679395685E-6,0.0,13
1.0,0.1338860551183462,6.509832449230396E-4,3.249148300266942E-4,4.293742468141768E-8,6.059199409976663E-5,0.0,14
1.0,0.07783933949318309,7.615765080098595E-4,4.188148322275195E-4,4.2708791995958444E-8,5.41124695633367E-5,0.0,14
1.0,0.1275661746517895,2.983650722721036E-4,1.0681566228604663E-4,5.390587624721214E-9,1.7075171024005604E-5,0.0,14
1.0,0.11254004366795328,0.001082801679808242,1.9488464012906495E-4,2.780882948619532E-5,0.0,2.781985276317575E-5,14
1.0,0.09195723267940609,0.0013419913251063653,3.299578593101666E-4,6.795868854185379E-8,2.89825109097814E-5,0.0,14
1.0,0.09486742763153629,6.333442248514432E-4,6.176897599529584E-5,3.2588292584037434E-7,0.0,3.2874159339126937E-7,14
1.0,0.0544958037330672,3.997217544045987E-4,3.393177923703059E-5,1.1680998498678063E-9,1.560891428727751E-6,0.0,15
1.0,0.027271278783047265,0.0010202586404424708,5.666459336495652E-5,1.8420538591457607E-6,0.0,1.841157374452065E-6,15
1.0,0.022692512532731125,8.483725648040376E-4,1.922652669662895E-5,4.550409802000862E-7,0.0,4.544376807198819E-7,15
1.0,0.01548103211552102,5.346846145037997E-4,6.392953668093931E-6,6.397756060818714E-11,3.308754397872713E-7,0.0,15
1.0,0.010380059081439876,2.4782829162626364E-5,5.8752843453153205E-6,2.9115136854659916E-8,0.0,2.9098751081621823E-8,15
1.0,0.015425013593969705,5.458807608800471E-4,3.506670487707777E-5,1.5785590455187302E-6,0.0,1.5787135498916675E-6,15
1.0,0.017311823805367547,0.006034712256633374,0.002200249952196031,3.216057000483456E-6,1.4721468709197503E-4,0.0,1
1.0,0.0035822094387402237,0.007624654348488574,0.0010210045906611372,9.86125266100354E-7,1.3273453688557617E-5,0.0,1
1.0,9.461453153251813E-5,0.006249662738689394,9.807177515074432E-4,2.764365219780755E-6,0.0,3.2787367787174317E-6,1
1.0,0.014687714985202752,0.004436591623612605,5.062160928112478E-4,1.478202563549238E-5,0.0,1.4729382302183507E-5,2
1.0,0.011167890500918582,0.0019354525686172358,2.4112330537105157E-4,4.052886907089805E-8,6.709441848608328E-6,0.0,2
1.0,0.007724628014277472,0.0036702274401914023,4.2597972008879994E-4,2.7516981479095215E-6,0.0,2.61155295004965E-6,2
1.0,0.07384008132844393,0.0019438619927600845,1.8380985576047404E-4,1.7994746982706485E-5,0.0,1.802173691144943E-5,3
1.0,0.05645584738387759,0.001008221732430025,1.6794689713961076E-5,1.5547873650888143E-6,0.0,1.5552784518386454E-6,3
1.0,0.07267787338974349,2.4148293299508544E-4,2.042720338746059E-5,1.5430364901733587E-6,0.0,1.5429555605624968E-6,3
1.0,0.06254640063249954,7.589521391934436E-4,1.9234327924426122E-4,2.371660201803319E-11,1.241887620832883E-5,0.0,3
1.0,0.0394595885499108,0.0018202318983487145,2.721428838439035E-4,3.847589587834083E-6,0.0,3.87034481315146E-6,3
1.0,0.06343071301839091,0.005059608463996496,9.416772266749992E-4,0.0,1.2399212153795116E-5,1.2126840263186408E-7,3
1.0,0.055271136562815834,0.001908092626695767,2.685754920052783E-4,4.4284539752444094E-8,2.6121403068878024E-5,0.0,4
1.0,0.09391732426616145,5.241581259304969E-4,7.680874509940907E-5,1.6106205610784444E-9,7.199614624406072E-6,0.0,4
1.0,0.07701408476529542,1.505728774637735E-4,1.6171284355595136E-5,2.0187763530126623E-10,1.4982771063361066E-6,0.0,4
1.0,0.10265431500390307,2.765889955236147E-4,5.6144078584251014E-5,5.125519654251585E-6,0.0,5.127309848702316E-6,4
1.0,0.09128830646049395,1.5565744976978152E-4,4.443235196062913E-6,5.143214551928253E-7,0.0,5.143497993043496E-7,4
1.0,0.10062762642455912,3.457818871402149E-5,1.286952957379722E-5,0.0,1.3591146453888225E-6,2.3445750644351754E-11,4
1.0,0.054330588779563406,0.0013436607676635035,9.18031255792066E-5,2.715476580896749E-11,4.9257204594932424E-6,0.0,5
1.0,0.07262786069985024,9.553217541954008E-4,8.147141017260765E-5,1.1155090534382587E-6,0.0,1.111209601132855E-6,5
1.0,0.048119560609781856,5.079381565658457E-4,1.209912208452088E-5,5.925927645195015E-7,0.0,5.926642679951636E-7,5
1.0,0.0762352672261302,0.0011383286826746727,1.4459954660519492E-4,1.66107415329622E-8,4.6662183348447215E-6,0.0,5
1.0,0.09295967639539642,0.0017891957476805047,3.2333066193818713E-4,7.584157146745537E-8,1.9998216138782406E-5,0.0,5
1.0,0.08225474438598843,0.003227258961998414,8.801624860817653E-5,0.0,8.760749112246051E-6,2.2643580160772027E-9,5
1.0,0.015002767300313942,3.157380385535511E-4,2.0758375632407418E-4,6.82671030781689E-6,0.0,6.83653857439675E-6,6
1.0,0.0015560739621905727,4.2359486337406014E-4,4.341225582465277E-4,6.021831009554134E-6,0.0,6.073192251363855E-6,6
1.0,0.0019715236719020815,3.304876647185158E-4,4.2601317793908137E-4,8.042012373912613E-6,0.0,8.079082912549385E-6,6
1.0,0.18478326827419214,0.04508913113857664,0.009709784015749545,8.760334986588142E-4,0.0,7.851161527288014E-4,7
1.0,0.13260474382651322,0.03799789175817371,0.006658488780688197,0.0010655746900750192,0.0,0.0011097914242582888,7
1.0,0.08306128033314633,0.023683843943166905,0.005197612728171465,2.1332495451286727E-4,0.0,2.2450401315472662E-4,7
1.0,0.04530365825198992,0.013739282255268865,0.005654788604328074,2.674015196769165E-4,0.0,2.7430881749430886E-4,8
1.0,0.02005446035570029,0.008150742885403382,0.001493625780733114,5.377553656284775E-5,0.0,5.5216640501665914E-5,8
1.0,0.02760465754044187,0.005311036157805424,0.0012002044934506587,0.0,1.0652846507586067E-5,5.467340399245634E-7,8
1.0,0.06912805028177232,0.0012068138669738297,5.520278799794622E-5,1.2806826356113444E-9,4.790069207035327E-6,0.0,9
1.0,0.05742858265383516,0.003898849825314891,1.6966451217134628E-4,1.3815279121488064E-5,0.0,1.3810640502194617E-5,9
1.0,0.06267591772288865,0.0013632481157581358,4.287220606873211E-5,1.981947843536142E-9,4.484866927548745E-6,0.0,9
1.0,0.038156313139744095,0.002339253705637493,9.10851844357419E-5,5.869329651117176E-6,0.0,5.868603829284497E-6,10
1.0,0.07941753378811804,4.2802517425123736E-4,5.810340134233198E-5,3.4264765272545173E-10,4.286281125718203E-6,0.0,10
1.0,0.023054181837122458,3.5203951406681923E-4,2.3884417064877466E-5,5.070994446293701E-10,1.2446512787890728E-6,0.0,10
1.0,0.11247899386328296,0.01626348669046888,0.004332342803159638,1.0875769781194252E-5,6.022157900408539E-4,0.0,11
1.0,0.10919265605853855,0.006353723201556087,6.685696454539737E-4,3.867788722568388E-5,0.0,3.83606362865818E-5,11
1.0,0.1391739791990475,0.0036873953657773004,3.7258128621535163E-4,2.904332433338237E-5,0.0,2.916538969932559E-5,11
1.0,0.10086525057077195,0.007876735495077756,7.034888874675757E-4,3.419418884647114E-5,0.0,3.3802607147607925E-5,11
1.0,0.05482873278071806,0.012734694388232772,0.0017324790803904257,2.094071327273589E-6,1.4580065647746255E-4,0.0,11
1.0,0.0726172056676041,0.005336223126724387,3.7491573282693685E-4,3.747038780267492E-5,0.0,3.748682244121844E-5,11
1.0,0.20490687869024213,0.001698642230687789,5.097140974487546E-4,1.8276848502595224E-7,9.768602347600559E-5,0.0,12
1.0,0.15728924620518664,0.0022113835610783924,4.930550831908786E-4,1.7177885846523158E-7,8.472336014322481E-5,0.0,12
1.0,0.177316655262972,0.002347848047415728,7.844657013541111E-4,3.422091561574199E-7,1.6287955752499709E-4,0.0,12
1.0,0.12148791214894675,0.0012681600151188152,1.149821369432301E-4,1.6610958636195275E-5,0.0,1.6619794954782165E-5,12
1.0,0.15306714422706288,0.0060516820645281685,8.450271223838198E-4,1.7500892661045605E-5,0.0,1.692392391959354E-5,12
1.0,0.16687753769054348,0.0017169784036766744,2.773066512649066E-4,7.311278959321638E-8,3.0770917726436645E-5,0.0,12
1.0,0.017028565380943116,0.002099536010589414,7.627202868944393E-5,3.999951465260428E-6,0.0,4.00403063402342E-6,13
1.0,0.020937512817323974,0.001258168934006089,1.1830795640852314E-4,3.2225381399970116E-6,0.0,3.224727314845172E-6,13
1.0,0.01391425213432812,0.0041316017050433244,4.1949386282675774E-4,8.674958454807008E-8,1.2576737343304575E-5,0.0,13
1.0,6.525213184056038E-4,4.6658666793870327E-4,1.19309889572918E-5,1.1272357080306871E-7,0.0,1.1280638297459945E-7,14
1.0,0.04442991991713992,8.35729664530494E-5,1.7712795832350445E-5,1.5268936680701204E-10,6.182538302141641E-7,0.0,14
1.0,0.05244947961171153,0.0010842497869391822,8.388502385264745E-5,1.4523007559019809E-9,7.138105099453654E-6,0.0,14
1.0,0.006673698360790558,1.0760975455079703E-4,4.363266345316962E-6,0.0,1.0856144508915805E-7,1.7127634855995182E-11,15
1.0,0.011571979791827284,2.1676361103607802E-4,2.320189726204292E-5,3.4106458033804823E-10,2.593683479304094E-7,0.0,15
1.0,0.011550589687513574,0.001964136916626185,6.094907316360965E-5,2.594065627486513E-6,0.0,2.598338412086901E-6,15
1.0,0.004205062852174782,0.005514442504414645,0.001574688600651893,4.807298450660055E-5,0.0,4.930606585063743E-5,1
1.0,0.010020375818528406,0.004708543011381062,0.0016336618096225483,6.218217083988755E-5,0.0,6.359159696989921E-5,1
1.0,0.014999078119994427,0.0022327289661742233,0.0011459912310051855,4.798448263744481E-5,0.0,4.8525494708899314E-5,1
1.0,0.0250163487242139,0.007116126336120954,0.00264430433900988,1.7848298683586218E-4,0.0,1.821246466325717E-4,1
1.0,0.018381959053357606,0.005780688155696704,0.0017830799601808171,1.0735694652001449E-4,0.0,1.0905516644358913E-4,1
1.0,0.022931411252897903,0.008206159126464036,0.0033860010440285825,2.3325350909496212E-4,0.0,2.3875610788547067E-4,1
1.0,0.011322519759588241,0.007958397722331792,0.0018121372568764061,3.0717700506830715E-5,0.0,2.9970022239993453E-5,2
1.0,0.010021848711208689,0.006059811141626038,0.0012313576333218546,3.84480602057785E-5,0.0,3.8238646657505154E-5,2
1.0,0.01700342885795072,0.005367921249161267,0.0013909604045532038,2.950615471999081E-5,0.0,2.8937940474327858E-5,2
1.0,0.0179181252222668,0.007607678963260138,0.0014931439924503603,1.0328454195524963E-6,4.1249332588119056E-7,0.0,2
1.0,0.01429101350490876,0.0033185923421994,8.029327406815019E-4,2.7640795177057986E-7,1.6508390286979068E-5,0.0,2
1.0,0.02873640774234143,0.009495386084528464,0.002204560420340889,2.7898678610132967E-6,2.6608344606139404E-5,0.0,2
1.0,0.08523599408012933,0.007573188108930463,0.0015050803786321723,8.14640741157067E-5,0.0,8.260495456219698E-5,3
1.0,0.05301421783305247,0.004929391276852004,8.960688051050522E-4,8.502254586425853E-5,0.0,8.548691230958802E-5,3
1.0,0.0798945770019357,0.012543099680624713,0.0017340341902593599,1.4077408528939277E-4,0.0,1.431157340412347E-4,3
1.0,0.1148967782124006,0.00993977692457584,0.0015690621885732915,2.2693093564896466E-4,0.0,2.2847016001802396E-4,3
1.0,0.07351412649819294,0.006295041196998156,9.846318401288373E-4,1.1242679977900405E-4,0.0,1.1289893126246638E-4,3
1.0,0.09779598230329654,0.004200404686563255,6.539494130478852E-4,6.741060992323924E-5,0.0,6.739724737463296E-5,3
1.0,0.1576556303099319,0.005550370239554278,5.241910035155868E-4,8.611158706960342E-5,0.0,8.634149705051454E-5,4
1.0,0.1516827961788855,0.00307388781867665,3.5783075088392807E-4,2.408635783248633E-5,0.0,2.3994806232537425E-5,4
1.0,0.18416969957043391,0.004874995346418298,0.001832437662445895,1.4874301278583979E-6,3.9443324578318576E-4,0.0,4
1.0,0.16350057492554435,0.003078383639699199,5.2095964458062E-4,0.0,2.98141219142069E-5,2.9106031994949354E-8,4
1.0,0.22170496466233852,0.003531858680025014,6.291292542030364E-4,0.0,4.0099798087911584E-5,7.158761835125872E-8,4
1.0,0.2860365199892002,0.007049184966150704,0.0036095554782634796,7.225047528568244E-6,0.001080450046006806,0.0,4
1.0,0.14853358654302493,6.391931612935099E-4,2.0847660891758557E-4,1.5390128070318202E-8,3.633387711648242E-5,0.0,5
1.0,0.14553673358018449,0.0012334997486104224,4.576332911517866E-4,9.06762278319153E-8,8.664664114690607E-5,0.0,5
1.0,0.1536575333198062,4.767440605570884E-4,1.1074167883025685E-4,2.503619396172816E-9,1.460504613393128E-5,0.0,5
1.0,0.07575752501098536,1.1998372871037975E-4,2.3851183700776974E-5,2.6726815365353703E-6,0.0,2.672954635142563E-6,5
1.0,0.1508712986922926,8.676322984596287E-5,1.801422379188875E-5,2.530370310000952E-10,1.7002814013218457E-6,0.0,5
1.0,0.16240463217916784,8.027169513787425E-4,1.844478994202187E-4,2.6107688588399653E-8,1.7644804089516416E-5,0.0,5
1.0,8.764377177248631E-4,2.0736929910465118E-4,4.289991840534327E-6,0.0,3.424314677014324E-8,1.5040816666251777E-12,6
1.0,7.388080445603694E-4,2.5472207711827496E-4,2.302248421051512E-5,1.5595811039105685E-7,0.0,1.5624802753609592E-7,6
1.0,0.0025268254146216026,7.30198207121701E-4,7.166387205162375E-5,1.0510148279079847E-6,0.0,1.0550207015761695E-6,6
1.0,0.0014242400592364938,1.5947492884492483E-4,1.0186302497719097E-5,2.4754804564666153E-8,0.0,2.4746974976761567E-8,6
1.0,2.2624000304173988E-4,1.0409273400886029E-4,1.378466555909117E-6,8.747616048783584E-9,0.0,8.745935518250194E-9,6
1.0,0.004995777116515372,9.379487377524325E-4,4.939656000455721E-4,8.781604838727376E-6,0.0,8.903335187161312E-6,6
1.0,0.10784602672594126,0.04595559783315496,0.015476057347067198,0.0,4.550484571853839E-4,4.1061509724250485E-5,7
1.0,0.13183581106647171,0.0417153920346182,0.011700431099451803,0.0,3.113158252764557E-4,3.713393827768302E-5,7
1.0,0.07769808148349912,0.04397675000534654,0.012045465886138043,0.0,2.6820977788540762E-5,5.2956480191379985E-5,7
1.0,0.06364254834526972,0.05554735621400175,0.014086535333642496,7.127244290211115E-4,0.0,8.430455211384366E-4,7
1.0,0.04177738874649321,0.021903419081169082,0.004245918202788896,1.0136952391416819E-4,0.0,1.1526012475165127E-4,7
1.0,0.016860371426304404,0.024802288591798963,0.0065622089720453,1.7771990602500625E-4,0.0,2.012004221617099E-4,7
1.0,0.09289028487317255,0.02842525274994208,0.006181295819746796,7.536626630273663E-4,0.0,7.833533102759964E-4,8
1.0,0.08881694820980854,0.028977777199833497,0.004755428098285388,6.515418911012178E-4,0.0,6.653651715664808E-4,8
1.0,0.08223395826328496,0.022724021689362082,0.004317025878591952,5.505109428059118E-4,0.0,5.642295543337961E-4,8
1.0,0.07826375422281771,0.020907609741622504,0.0044288109112810125,5.201091794001628E-4,0.0,5.340982180709412E-4,8
1.0,0.07751221167690601,0.0171954500187343,0.0037786936931218716,4.4287138008241813E-4,0.0,4.525806364121694E-4,8
1.0,0.06866487765491587,0.01401227977022617,0.003359823994246236,3.795941638331142E-4,0.0,3.869811656478604E-4,8
1.0,0.07874301639903322,0.0021526615866270145,3.548980392500465E-4,1.1651799511142536E-8,1.868258742149313E-5,0.0,9
1.0,0.058390031051615235,7.603247773531192E-4,4.090673097962163E-5,0.0,1.4919063840570753E-6,6.652657338867799E-10,9
1.0,0.05830513888331082,0.00199106872735563,1.137898514564851E-4,1.0925193636459326E-5,0.0,1.0931294056570825E-5,9
1.0,0.05174420069958046,2.6862731585403093E-4,1.5670403667905293E-5,2.1538389134628824E-10,1.5884075015767453E-6,0.0,9
1.0,0.08410875721317516,2.825194476412016E-4,3.105312722912429E-5,2.6890716415445945E-6,0.0,2.689809841375274E-6,9
1.0,0.08602987793132368,1.4668978103241276E-5,2.2062788189923888E-5,1.1052734451740218E-10,2.4002195727055816E-6,0.0,9
1.0,0.032300383680178915,6.048834395640119E-4,1.5129871359111798E-5,1.018893094981521E-6,0.0,1.0192171184261929E-6,10
1.0,0.0517321575727063,0.0028620527444910312,1.2902275144762134E-4,2.1731790477330937E-8,7.717823106964846E-6,0.0,10
1.0,0.053481469055837276,0.0030329092733269226,1.5484342611488136E-4,3.775078100359712E-6,0.0,3.760217501579025E-6,10
1.0,0.09814210569149077,0.0025582029611494837,3.673409170269352E-4,1.1247078866469566E-7,2.6736027732779204E-5,0.0,10
1.0,0.052065046422131424,0.0035038237728869277,1.8817407120237236E-4,3.1970268829467754E-8,3.089864744727828E-7,0.0,10
1.0,0.05404595279023085,5.486144996015797E-4,6.159064649209254E-5,3.1106211047583313E-9,4.207786664794166E-6,0.0,10
1.0,0.21459808239909284,0.001255982975298048,3.38160507347792E-4,2.9699783443650505E-8,5.515991460747411E-5,0.0,11
1.0,0.20655152014753006,0.0014960088605715874,3.5320472177688086E-4,1.6812104348994173E-8,4.226053236890116E-5,0.0,11
1.0,0.22657353270815472,0.0028956578828486642,9.19032771527799E-4,2.1578221453951118E-7,1.4950004022923913E-4,0.0,11
1.0,0.22970337830362264,0.0011348703748361077,4.4301414404521785E-4,7.45087594850745E-8,9.943822815152027E-5,0.0,11
1.0,0.22676347058274005,0.0010061236489546802,3.6245340023880504E-4,4.4834232532889726E-8,7.24206414585927E-5,0.0,11
1.0,0.21699582552197808,0.002221076713231182,6.322267813162561E-4,8.423748957430516E-8,9.873376473052714E-5,0.0,11
1.0,0.2149536113568372,2.661247614670038E-4,3.203382263222867E-5,4.823479326523746E-6,0.0,4.8232362197416655E-6,12
1.0,0.2470214747332,0.0017116115515187734,5.929080057311123E-4,2.562811869323736E-7,1.1582420157516145E-4,0.0,12
1.0,0.25251907885488983,9.268818144881203E-4,2.511159440849391E-4,5.621682999681514E-8,3.5618994697850736E-5,0.0,12
1.0,0.22748563303347982,4.8630639214420783E-4,1.1582356389069177E-4,1.2134417784262798E-8,1.0828746434276905E-5,0.0,12
1.0,0.25843892337204266,6.866099480035224E-4,1.340887558845137E-4,1.9123366968100957E-8,4.969317407687872E-6,0.0,12
1.0,0.24213967761686742,1.428077395351014E-4,5.768482201561705E-5,2.0990217781511985E-9,1.2241964511645382E-5,0.0,12
1.0,0.015326571643206496,8.280203388563746E-4,4.2558451295530976E-5,1.4235152443120546E-9,2.1240784558541417E-6,0.0,13
1.0,0.006621402486163846,3.170927567636335E-4,1.7536680851747004E-5,1.7368723245617537E-7,0.0,1.7345614168931152E-7,13
1.0,0.014331784543072342,5.787082803604624E-4,1.8795531782908695E-5,2.3786361769404546E-7,0.0,2.3743015399392813E-7,13
1.0,0.019063304615263996,0.0011546305800707534,6.561017213998845E-5,4.481621085967574E-9,1.0725168956492447E-6,0.0,13
1.0,0.011135507379996582,1.8555605336162775E-4,9.538868734588966E-7,1.9159310919400354E-8,0.0,1.9157051352055464E-8,13
1.0,0.01452334843332993,5.655631696688665E-4,1.9904393457763093E-5,5.09096686798616E-10,3.290205964853078E-7,0.0,13
1.0,0.10524881265249243,5.191200021680105E-4,7.525765093241097E-5,1.0148308790888697E-5,0.0,1.0151648511906836E-5,14
1.0,0.09578883526037482,4.7002590936892196E-4,1.3020589452627227E-4,6.553468879996901E-9,1.8095726852638802E-5,0.0,14
1.0,0.08916052761846274,1.6229496494187575E-4,1.974181810002769E-5,1.1441460762429388E-6,0.0,1.1440866681045219E-6,14
1.0,0.10848298813836771,1.8455114780482806E-5,9.156149155258518E-6,2.1819916460755446E-11,1.2959864759181853E-6,0.0,14
1.0,0.09967020181417743,4.448437770404984E-5,1.859872173964988E-5,1.3576412213446738E-10,2.491819372302789E-6,0.0,14
1.0,0.1146090229948813,3.384684395963953E-4,3.732184359297571E-5,3.011510255075419E-6,0.0,3.012541948669202E-6,14
1.0,0.046201751710890165,1.1137231609238483E-4,8.861220259826818E-5,1.0499052923771887E-9,6.659745745912469E-6,0.0,15
1.0,0.08202554581209001,6.982292900601281E-4,6.406859261783359E-5,3.90122102103421E-9,1.920530768194677E-6,0.0,15
1.0,0.04683411253092054,0.0012794385152927173,1.5298541710446952E-4,1.6771817690753755E-8,6.101895201174798E-6,0.0,15
1.0,0.08252518832730281,4.2150812425860326E-4,8.05781868342933E-5,4.4210890524245985E-9,8.8707776860325E-6,0.0,15
1.0,0.0786164776565098,3.501812675182325E-4,2.279765598454773E-5,1.972233418674496E-6,0.0,1.971951528619236E-6,15
1.0,0.0807828849119338,8.981283752974163E-4,8.274800640639277E-5,6.4090917889534976E-9,1.0708239372679996E-5,0.0,15
1.0,0.012799400551968796,0.003980575794152872,7.310194000293361E-4,2.6803886137453665E-5,0.0,2.670191137069819E-5,1
1.0,0.042182264319734694,0.004973400024475118,0.0011121936054786276,8.081633203637133E-7,3.7424694579356805E-5,0.0,1
1.0,0.013117624052113383,0.004745572118775408,0.0011474444588050637,5.342890122296421E-5,0.0,5.337758098800879E-5,1
1.0,0.03964870175574781,0.006757383252983381,0.0010410191785793878,5.295838284482478E-5,0.0,5.382624037850502E-5,2
1.0,0.04304521758304801,0.01150835192590676,0.00213870773573097,1.5060513847809117E-5,0.0,1.8003468302624632E-5,2
1.0,0.037764996067149545,0.008590096344418303,0.00138753402400661,1.0350205503880319E-4,0.0,1.0503652409948816E-4,2
1.0,0.09909051048603257,0.008736282366293334,0.0013013051255373641,1.658703493850444E-4,0.0,1.6708878332319903E-4,3
1.0,0.13780573980625926,0.006491507984588178,8.153107670823634E-4,1.2242967263291415E-4,0.0,1.229286501899941E-4,3
1.0,0.10765077960082921,0.007098232533464042,8.610026608524151E-4,9.443996949719202E-5,0.0,9.504093472707796E-5,3
1.0,0.07330992497023726,3.6762885994125855E-4,2.1089397915677304E-5,5.372944416070641E-10,1.2207813013163137E-6,0.0,4
1.0,0.08752740294470643,2.8060304251082823E-4,1.8642443872654414E-5,1.7470878407161957E-6,0.0,1.747081851065575E-6,4
1.0,0.0901763427214114,1.2564023021111438E-4,8.781018683088567E-6,8.905555339413223E-11,4.816503145908936E-7,0.0,4
1.0,0.1331518136036892,5.104942238212411E-4,5.028213628988082E-5,7.26261235987999E-6,0.0,7.263182818948961E-6,5
1.0,0.16392717425557315,2.6940281494478232E-5,1.3952315799334578E-5,9.442951303192713E-11,2.058964034819241E-6,0.0,5
1.0,0.11088226244135108,3.078980709457044E-4,2.8390913753338532E-5,3.8718989358090784E-6,0.0,3.872369188856098E-6,5
1.0,0.016140377803096077,7.917695036895781E-4,2.716139437229443E-5,7.390747096657031E-8,0.0,7.450191275422263E-8,6
1.0,0.004992728631318305,3.429784828551382E-4,2.2287205264592437E-4,1.377283869604848E-9,6.499688046720523E-6,0.0,6
1.0,1.6028232846477947E-4,0.0010580774667464943,9.10965982140156E-5,4.916323770278368E-7,0.0,4.917658441193694E-7,6
1.0,0.026650532305781717,0.028555225174197726,0.007493036320455796,6.184162888808791E-4,0.0,6.580401674561793E-4,7
1.0,0.07940800624896062,0.05662284274506062,0.012805150575734189,0.0013267102471500498,0.0,0.001479829731962689,7
1.0,0.04945889667681704,0.05382316631444498,0.01196724490675956,0.001219117176123854,0.0,0.0013384201982426134,7
1.0,0.05473565034342262,0.05019066887243917,0.008502557166531461,8.652936655770483E-4,0.0,9.376887611042075E-4,8
1.0,0.0748760638502522,0.033640356660132764,0.006410586079450404,7.527368206575147E-4,0.0,7.879656854727855E-4,8
1.0,0.06654598307268743,0.03550488843926732,0.006960189060391066,7.259154301483295E-4,0.0,7.687178878517291E-4,8
1.0,0.07685106745557764,0.005998115576480948,4.191572210449958E-4,2.182034647030884E-7,3.261488120378449E-5,0.0,9
1.0,0.08994856839241805,0.003213884125059983,8.232845870830138E-5,6.773672436585091E-7,0.0,6.703987424444492E-7,9
1.0,0.08705753841034077,0.005185456313757237,1.3373201012344615E-4,1.268825062211452E-5,0.0,1.2705586102239373E-5,9
1.0,0.0349575162138246,0.002729393320916102,1.645064542758138E-4,2.9288382315699833E-8,6.432718745456592E-7,0.0,10
1.0,0.017327665754071103,0.0033765815215072983,2.0505246902313752E-4,3.6338681891354965E-8,5.409795603621875E-6,0.0,10
1.0,0.025304183870643565,0.003877622740868073,1.2909104775117667E-4,4.240805679119915E-6,0.0,4.221879441441922E-6,10
1.0,0.17915784354102304,3.856163798564902E-6,1.2181314153445916E-6,1.4416324608417052E-7,0.0,1.4416328121241154E-7,11
1.0,0.200452960341094,1.7537042809882516E-5,8.108146401889194E-6,3.836768285295122E-11,1.9337663890804084E-6,0.0,11
1.0,0.20690285531465605,1.854220822878637E-4,2.671400815113932E-5,0.0,1.9911253227065145E-6,1.4105655697936226E-10,11
1.0,0.24095165288765075,4.7037048494380415E-4,2.1964650021886765E-4,2.6478685546702663E-8,5.4177172617414476E-5,0.0,12
1.0,0.23101047030754682,0.0010702653913116397,4.5989686993245984E-4,1.2019248652715695E-7,1.1125830750429927E-4,0.0,12
1.0,0.2074196836577298,8.34884831486196E-5,2.457573361300964E-5,2.5070394407483593E-10,5.58325143460139E-6,0.0,12
1.0,0.013527843379876375,8.646407553171589E-4,1.074759254144589E-5,4.832094578857875E-7,0.0,4.833039813667094E-7,13
1.0,0.01717982505300355,0.0011575347862236487,1.9972536275700582E-5,7.740317198611514E-7,0.0,7.737385309760596E-7,13
1.0,0.015505828272078203,8.519074425776218E-4,1.8094435632854154E-5,0.0,3.617803249155186E-7,8.265889922092055E-11,13
1.0,0.10185729484437922,9.1145759458329E-5,2.2360491942043068E-4,5.63483169164934E-9,3.4761051295080774E-5,0.0,14
1.0,0.10319474969857001,5.956487392472428E-4,1.526621613343815E-5,3.7632237306162174E-10,2.3019924887331896E-6,0.0,14
1.0,0.08797621024514672,6.929164350891679E-4,7.072002320027207E-5,8.727352889699375E-6,0.0,8.731405886995465E-6,14
1.0,0.019382333023475314,0.0014435970727646314,4.479479463223425E-5,1.5116386235199955E-6,0.0,1.5125950765207887E-6,15
1.0,0.030871126846108547,6.127319549171204E-4,5.117530890512202E-5,1.8521371242955936E-7,0.0,1.8524777778813486E-7,15
1.0,0.014552856403921482,3.871686184464941E-5,1.1258809844700011E-5,0.0,4.556615956858519E-7,6.573442520921259E-12,15
1.0,0.0015745888712026571,3.639866573966982E-4,0.0016405540377434932,4.136459913709538E-7,2.092857760571006E-5,0.0,1
1.0,0.08289460788089588,0.02007695057347801,0.006347931314839055,2.555629885418813E-5,0.0,2.928361877261253E-5,1
1.0,0.030308535629320364,0.006237864460237428,0.0016827758921705322,6.369759610346621E-5,0.0,6.536989076793709E-5,1
1.0,0.007187076846201212,4.48514723702829E-4,5.017082621779035E-4,1.2767335041086608E-5,0.0,1.2767893878285169E-5,2
1.0,0.005081194802847896,1.77897045668902E-5,9.714614497693978E-5,1.063997190321749E-9,1.8912523435948941E-6,0.0,2
1.0,0.016219482254190745,0.0037656931023363448,9.075937936459485E-4,5.218543702563793E-7,7.648524970453466E-6,0.0,2
1.0,0.11134423756017729,0.006550211306500431,8.841830826710846E-4,5.566863850421869E-5,0.0,5.6188136783739356E-5,3
1.0,0.050289372232309185,0.009148836359865468,0.003274643990521895,2.8002875124925018E-5,0.0,2.991453524970235E-5,3
1.0,0.022515826332560343,0.004239215383915198,8.728092251042716E-4,7.325168837506018E-6,0.0,7.723170093991977E-6,3
1.0,0.13187830178450644,0.0012589472011105766,1.4295433392957338E-4,6.185291711157005E-6,0.0,6.170775599172057E-6,4
1.0,0.14871524403561817,0.003703175513461882,6.63928977883931E-4,0.0,5.298488672903219E-6,1.6113938349765413E-7,4
1.0,0.07614161532856686,2.291377728274724E-4,2.1754420400332817E-5,4.4626779796745813E-10,1.7726840153031102E-6,0.0,4
1.0,0.1656474030055334,1.119060420669469E-4,4.117347366592347E-5,6.64549505657811E-10,8.213223512127778E-6,0.0,5
1.0,0.22713944994611113,8.463570698124676E-4,4.001483019151631E-4,8.255884353852925E-8,1.0106706801522687E-4,0.0,5
1.0,0.19918613408074518,0.001027040410145356,1.5935977084468675E-4,1.4694928747256079E-6,0.0,1.4807338602164187E-6,5
1.0,0.006866292412302279,3.178166231113315E-4,3.5023054771184414E-5,6.077518143620108E-7,0.0,6.068886021109246E-7,6
1.0,0.007630652973062098,0.007574615124719452,0.0027743604563727317,4.477839667564454E-6,1.1966896299612243E-4,0.0,6
1.0,0.0017347342587699633,5.887044764868911E-5,1.1634750473847033E-6,2.2007613623953182E-13,1.070403411560753E-8,0.0,6
1.0,0.2350467841842106,0.05690078232988927,0.04726201655256419,0.0014627944371970597,0.01332626455336928,0.0,7
1.0,0.002864246842005043,0.004830037091586627,7.571231279428762E-4,2.2540705723497464E-6,0.0,2.7994819842774117E-6,7
1.0,0.0039018432700001545,0.007496800690510215,0.0015792871089400963,3.9668204000324656E-5,0.0,4.128278404194314E-5,7
1.0,0.08374607673078327,0.012348925119641445,0.001941075437768137,2.0044024119269995E-4,0.0,2.032355024224217E-4,8
1.0,0.03694937875392932,0.019854177389187433,0.0044199571884155475,3.36550278036825E-4,0.0,3.5168089498080046E-4,8
1.0,0.006940651631476871,0.001688855942887216,0.0012826262709134666,4.6563925421429484E-5,0.0,4.709652142928535E-5,8
1.0,0.18776480344636878,6.175801496464728E-4,5.083472326975613E-5,9.752728578561383E-6,0.0,9.754378009847287E-6,9
1.0,0.05735667984541676,2.315108722471024E-4,1.1600683452770241E-4,7.731413680990348E-6,0.0,7.736645886221729E-6,9
1.0,0.04609405883708025,0.0010172307728089,8.492899025479153E-5,7.111375231361184E-9,7.693189644949481E-6,0.0,9
1.0,0.05922643165907472,4.239109172738898E-5,1.0692236809319292E-5,1.4287074053263925E-11,1.104530706072381E-6,0.0,10
1.0,0.08023426970797178,8.026205233509423E-4,6.47081703529053E-5,5.07048291204245E-6,0.0,5.074527853544768E-6,10
1.0,0.005726438488557988,0.0021290735630974658,2.683984480744879E-6,1.7870552083514217E-10,0.0,1.7172969399379997E-10,10
1.0,0.13932863695367645,0.0010235254668285545,2.0474539568496775E-4,3.3258284575897936E-8,1.0870713484602304E-5,0.0,11
1.0,0.21945996598512896,8.749437071902176E-4,1.5938058150640334E-4,2.9005461413529383E-6,0.0,2.9145154108926406E-6,11
1.0,0.15314958146921967,2.941556767078461E-4,1.072934059140475E-4,4.136745972357706E-9,2.1232889929888502E-5,0.0,11
1.0,0.120233560883435,6.713088545509213E-5,1.672915225198123E-5,5.3755516276889656E-11,1.7972046561390401E-6,0.0,12
1.0,0.2449534556988664,6.177611921078023E-4,1.505196340645753E-4,2.1196122579963495E-8,1.7185063203128107E-5,0.0,12
1.0,0.28671574833732844,0.0017631236752538469,9.007446221858081E-4,3.660233779530589E-7,2.697805961836888E-4,0.0,12
1.0,9.140874945702724E-4,0.0031403528899100978,5.154794286009755E-7,4.313331136071121E-9,0.0,4.314983137053213E-9,13
1.0,0.013773279310050476,8.303590316599027E-4,3.31584405265404E-5,1.4758090140304845E-6,0.0,1.476882251287454E-6,13
1.0,0.003393806584249102,6.553477317221782E-4,5.345274348171598E-6,4.3954741024313795E-11,1.7891323834959864E-8,0.0,13
1.0,0.135210057597822,0.003357774881741841,5.241871596821278E-4,2.551509767822092E-7,7.545684163077456E-5,0.0,14
1.0,0.0629550079387884,0.001374535015729461,8.371536733522083E-5,4.871962212294772E-9,9.00121913982048E-6,0.0,14
1.0,0.033316584137517154,0.0018684431276225258,2.986078854816716E-4,1.965410021468539E-6,0.0,2.00517202882675E-6,14
1.0,0.044594536443598565,0.004026724807536645,4.7764263579661796E-4,2.228719194970141E-5,0.0,2.2183213996751276E-5,15
1.0,0.02731031380877934,0.0016592215773918613,3.398862503822817E-5,2.0756760343706607E-6,0.0,2.074144572358071E-6,15
1.0,0.02151618931667104,6.810981644965737E-4,6.973250096653664E-6,1.8445244349697232E-7,0.0,1.8437220887206096E-7,15
1.0,0.02274633134348784,0.002483658903171275,7.189250629725562E-4,3.947657091831397E-5,0.0,3.976241232862407E-5,1
1.0,0.02596528533083481,0.0029711956680324573,4.4018284275350436E-4,3.083527339282484E-5,0.0,3.0927009464006344E-5,1
1.0,0.03319870238430494,0.005832076618139652,0.001526631153163527,1.0123488101412698E-4,0.0,1.01759564157028E-4,1
1.0,0.013568208719454992,0.0012073988834979438,5.608318451820484E-4,2.7282933705746218E-5,0.0,2.740541906427763E-5,1
1.0,0.022193789233589917,0.0095491921517982,0.002522185118967342,1.3275913520467757E-4,0.0,1.3561335163603884E-4,1
1.0,0.0139476510354571,0.007630607766632351,0.0022621810426078446,7.820162245980781E-5,0.0,8.006744606444102E-5,1
1.0,0.003975972215939131,0.0017355529646576704,5.173972186490446E-4,8.047542093821125E-6,0.0,7.943452549393731E-6,2
1.0,0.007473365258745437,0.0029906236054767915,1.3960096363699234E-4,4.825016842339861E-6,0.0,4.843642002552387E-6,2
1.0,0.013295025095205438,0.0038012349701546425,0.0013321944050028053,9.476565611912115E-6,0.0,8.571221585418567E-6,2
1.0,0.01266548043605346,0.0016203968998259742,2.2641283140718323E-4,1.7613980968045787E-6,0.0,1.7342239017157183E-6,2
1.0,0.0057192231106836,0.0014206082497206908,4.0010522696073703E-4,1.0156764211767131E-5,0.0,1.017645403279307E-5,2
1.0,0.00262726721630333,0.001993587699506137,4.436558839306475E-4,6.571631192352802E-6,0.0,6.622958613430966E-6,2
1.0,0.07118107608806197,0.003616355238907259,8.667487120019009E-4,3.116803487950893E-5,0.0,3.151131705002621E-5,3
1.0,0.04401842971757456,0.0016815176455448602,2.1873883873473434E-4,6.775164445998841E-6,0.0,6.7620382118090685E-6,3
1.0,0.04410169563512767,0.002954530323957275,4.108458088900044E-4,3.512875532025861E-5,0.0,3.5218295538834765E-5,3
1.0,0.05710925380124331,0.006208698223781673,7.546396534735276E-4,7.370937739127385E-5,0.0,7.411675373007176E-5,3
1.0,0.04254810066880166,0.004235547841428395,5.858810750491956E-4,4.213753314666352E-5,0.0,4.225207632026781E-5,3
1.0,0.061186096043146294,0.006885936773885791,8.974266992085744E-4,7.691133545049079E-5,0.0,7.703255608774862E-5,3
1.0,0.14128924736060208,8.37766643835422E-4,6.601943051613104E-5,1.0065241218862336E-5,0.0,1.006901092250402E-5,4
1.0,0.11265124825292909,0.0023894469309257106,1.9908737026690972E-4,1.2019470968118349E-5,0.0,1.1986119359761802E-5,4
1.0,0.1257791813193194,0.0018265460254265763,3.373896944443308E-4,2.1874725476235262E-8,3.8118477844706854E-5,0.0,4
1.0,0.11061068308290035,0.002219016626419529,4.983166512968157E-4,1.3375647655763798E-7,7.557823850208101E-5,0.0,4
1.0,0.13470581496002204,0.0017737291056697689,1.521664914717717E-4,6.012260326880522E-7,0.0,6.168199841605056E-7,4
1.0,0.12285858443560661,0.004110668256945121,8.490776950528038E-4,2.556669901617375E-7,1.2847755953531494E-4,0.0,4
1.0,0.09279226353846792,0.00951446424268965,0.0043071661530893705,5.821520624961356E-4,0.0,5.799606861731881E-4,5
1.0,0.011346003455480648,0.08444925061213934,0.03166404590106891,0.0021492141423986684,0.0,0.001888354776726122,5
1.0,0.00846597526862715,0.15820058886815422,0.050332137059210115,0.003836203407833736,0.0,0.0024107873700378924,5
1.0,0.008461914159350865,0.13141648814339857,0.04888456484454151,0.0034785949294682834,0.0,0.0018735787842894841,5
1.0,0.005648156230251563,0.2543837528875534,0.09595798934541826,0.007138761182709867,0.0035683959587803297,0.0,5
1.0,0.00831995145266768,0.2774499028316925,0.08509665114244909,0.006079425908960124,0.005074214489558097,0.0,5
1.0,0.004746777672276544,0.0020550849584043086,0.0014138551451501294,0.0,1.985104252869904E-5,5.760153225583507E-7,6
1.0,3.4813357788478927E-4,2.8118161010717407E-4,1.6585146974904447E-5,2.505792272188914E-10,1.3413324545174778E-7,0.0,6
1.0,0.0013045483195741985,3.735325715268111E-4,5.345418321271131E-5,2.204700550287889E-9,6.9487103974757E-7,0.0,6
1.0,0.012106935355494054,2.760632429268219E-4,2.797905756361538E-4,3.790460883043364E-8,0.0,6.290372423307248E-8,6
1.0,0.005027856602561658,1.619766318861027E-4,1.2455224964325864E-4,0.0,4.026559780614794E-6,5.188879017843885E-9,6
1.0,0.005403383433145356,2.162241258269272E-4,8.558466592970098E-5,0.0,2.1458469891873026E-6,1.3845231848268536E-9,6
1.0,0.15203444982636355,0.018275998998821402,0.03516902470661894,3.6213090706323675E-4,0.008674504451239792,0.0,7
1.0,0.13867291340256274,0.03680678685892052,0.0057093377092380096,8.769120418240626E-4,0.0,8.842377193596941E-4,7
1.0,0.2755092617707236,0.05802655821566359,0.08146571077590996,0.002888047468123997,0.03052818571649216,0.0,7
1.0,0.19902952007140118,0.035050384455580216,0.052820979652518425,9.177562949385172E-4,0.014953648263298668,0.0,7
1.0,0.23241285966194491,0.055918743563584346,0.06325149304825664,0.001997084032979376,0.020449125871972916,0.0,7
1.0,0.09656340867104896,0.02569122407775076,0.003401598896204497,4.719513664770779E-4,0.0,4.81206335797985E-4,7
1.0,0.1084971233246058,0.01526262381766522,0.0025307657344717815,3.7213871779684865E-4,0.0,3.7638367099019715E-4,8
1.0,0.10022398931968694,0.013721808490771837,0.0024876349109293648,3.144161843530765E-4,0.0,3.189146211623851E-4,8
1.0,0.11676245746637266,0.01780364531958976,0.0031872243367644442,4.922195500801513E-4,0.0,4.980690528266407E-4,8
1.0,0.03501629441165396,0.022657111895222445,0.00826570124040226,3.9188168774884474E-5,7.352191344912381E-4,0.0,8
1.0,0.06417427899577761,0.04330565912207332,0.02785015436933869,3.9465520170394797E-4,0.00358595852624012,0.0,8
1.0,0.06760983405290731,0.03971264059534838,0.02733315047371613,3.968385822771647E-4,0.00342378451236275,0.0,8
1.0,0.03434599686166807,0.007783592800158216,4.774295738644402E-4,3.0993350813827206E-5,0.0,3.112695921281197E-5,9
1.0,0.035131257388247815,0.007907660952649241,4.89203890529918E-4,3.320912617789062E-5,0.0,3.3407773298916E-5,9
1.0,0.0715813435477417,0.004679819050682497,1.0844390486344655E-4,6.748284914171707E-6,0.0,6.751343118907811E-6,9
1.0,0.0411658324469502,0.008741826939415165,5.016035778273249E-4,3.272149624016613E-5,0.0,3.285281853952498E-5,9
1.0,0.06637077321580565,0.004205636726758049,7.511374316375472E-5,2.846849942097846E-6,0.0,2.846119854647801E-6,9
1.0,0.07063980678722072,0.010953347878682611,6.10139730589885E-4,6.905501712401052E-5,0.0,6.948910541036696E-5,9
1.0,0.002631522218881047,0.021973005314821138,0.012234630906834987,3.3212416173179646E-4,0.0,3.1379777107626473E-4,10
1.0,0.002005737035996083,0.019793777046066684,0.010014996498207295,8.192306259330342E-5,0.0,6.781730578335036E-5,10
1.0,0.07068438834929879,3.8495396431517E-4,1.712729408650043E-5,0.0,1.763236154031374E-6,1.5183057436804338E-10,10
1.0,0.05600421678588039,2.718192836634812E-4,4.136877489342927E-5,3.6293091699778786E-6,0.0,3.6300167221125722E-6,10
1.0,0.03405032979882507,0.008076457273520314,0.002249693472447026,1.8834131073576404E-4,0.0,1.8763740750800902E-4,10
1.0,0.019208060237017793,0.012500240062863556,0.006197618579816428,4.062492666980443E-4,0.0,3.950185839764095E-4,10
1.0,0.009987817677669594,0.014811852743410266,2.3595197321835043E-5,3.7258365642430846E-9,8.161653457861858E-7,0.0,11
1.0,0.02791776092866947,0.008552684910898549,2.0991670168009927E-4,9.396121646255062E-6,0.0,9.328458303962314E-6,11
1.0,0.0663156915680923,0.01697005779400169,1.6946602593401322E-4,8.67090018042611E-8,2.22447201219128E-5,0.0,11
1.0,0.20616603109498757,8.743242907099323E-4,3.2877619894362733E-4,4.808904712453325E-8,8.15817758839375E-5,0.0,11
1.0,0.22521647363680017,0.0010761922483604506,4.7163320781850356E-4,1.0462117256162843E-7,1.2454210839486654E-4,0.0,11
1.0,0.25474198117547475,8.460725307017775E-4,3.1712563868278816E-4,3.342231736515124E-8,7.745932648513578E-5,0.0,11
1.0,0.3446754520089526,8.006853412606993E-5,4.364821633847924E-5,1.1963139881498558E-9,1.4331139078465955E-5,0.0,12
1.0,0.28643194960430585,8.467900764824092E-5,3.1012982293233794E-5,3.3198650051592483E-10,7.609462667574638E-6,0.0,12
1.0,0.2844178185425183,4.518880364448008E-5,5.860856868400469E-6,1.3730465157606304E-6,0.0,1.3730616333695659E-6,12
1.0,0.13210134633040813,0.06759241616921578,0.02860235028443287,0.0053675482057535815,0.0,0.00500517185396258,12
1.0,0.01699312652881224,0.3838982553552158,0.12683173486479982,0.018610805484003175,0.0,3.805220032413096E-4,12
1.0,0.3447876477842924,0.002405939922353369,0.001101149051093176,5.357958886707368E-7,3.279637431525964E-4,0.0,12
1.0,0.8797425209279756,0.8134756554385522,0.40795451899738316,0.30735113676055803,0.43051833789705124,0.0,13
1.0,0.24601734025249555,0.023569805345661003,0.011346423401634506,5.513984394110753E-5,0.0032067832167582406,0.0,13
1.0,0.047248126686720904,0.003900196156594685,3.490332068708091E-4,6.647640788729874E-8,3.340613298361195E-5,0.0,13
1.0,0.04121009312500167,0.003633859878654109,3.145278750830487E-4,4.9681186284790886E-8,2.7400686958869596E-5,0.0,13
1.0,0.04073986405054517,0.0035462744030767203,2.959125007404071E-4,3.99520335737618E-8,2.5133334594200197E-5,0.0,13
0.8692448059668184,0.25256713885374404,1.0,0.4896151465876421,0.357494177609262,0.24994361992940822,0.0,13
1.0,0.07184591570519187,0.001290862483790164,1.7090673729333662E-5,7.449913893313065E-7,0.0,7.45185574348975E-7,14
1.0,0.05313902345761555,0.002759005346524463,3.0357724242141175E-4,1.0043527364769846E-5,0.0,9.958867295301662E-6,14
1.0,0.10053041686502494,0.0067252618363259796,4.8304034075361246E-4,3.3421650538544304E-7,2.6127932375903276E-5,0.0,14
1.0,0.1015649337952763,0.003342764295527485,5.345577100933061E-5,6.429151681320918E-6,0.0,6.431591607248564E-6,14
1.0,0.13584923770303922,0.003922237787676337,2.825802237549184E-4,1.2229674563584114E-7,3.9813220468500527E-7,0.0,14
1.0,0.10984348198911274,0.004262758258031523,1.9551775954331342E-4,1.8420965689176414E-5,0.0,1.8472709051011456E-5,14
1.0,0.050134774855295466,3.0028962865730083E-4,1.4306936798560803E-5,1.739465386272263E-10,1.358541331340261E-6,0.0,15
1.0,0.06430268553469645,7.161573567052419E-4,3.1733319719590113E-5,1.1755668122921222E-9,4.627435514855208E-7,0.0,15
1.0,0.016168104659717023,0.00612870258887171,0.005109318879677088,2.1106606653419928E-4,0.0,2.0967899163480344E-4,15
1.0,0.037506161452896584,6.765757815563846E-4,2.262969522572474E-5,4.5264583329988306E-10,1.9000562667038346E-6,0.0,15
1.0,0.061873918040231304,0.0015883341837482656,1.3755296484354044E-4,1.863636415046731E-8,1.162538359092814E-5,0.0,15
1.0,0.055255191697053924,9.623300007440239E-4,5.472565803288976E-5,1.781621036139853E-9,5.830880528139896E-6,0.0,15
1.0,0.027534845166111394,0.017706456907973095,9.621502999633296E-4,5.356668780473335E-5,0.0,5.4730415031863836E-5,1
1.0,0.03436367895014404,0.013843295609511001,0.0013280451200735027,8.590668544741346E-5,0.0,8.569632080298121E-5,1
1.0,0.012089458325878684,0.028712269429901086,8.009319962793571E-4,2.685433322306041E-5,0.0,2.8115656737562886E-5,1
1.0,0.03564102237348296,0.015927194707162584,0.002867665488862557,0.0,3.789828546318274E-6,6.312392443596106E-6,1
1.0,0.025858816019206154,0.022408089984658316,0.0012210142280888125,8.800179878773186E-5,0.0,8.932210981630868E-5,1
1.0,0.01680955589726371,0.02403086763839652,0.0010818003142602755,3.0520781022235376E-5,0.0,3.228800435774468E-5,1
1.0,0.00814317674286823,0.0028307894128686865,0.02301416528755523,2.0395066325921241E-4,0.0,1.283363851384973E-4,2
1.0,0.008583700227251237,0.009484857865961803,0.033333005771300314,9.799973938352461E-4,0.0,7.864389537491616E-4,2
1.0,0.024055632440824596,0.003622009496530662,0.019968620964340718,0.0013330231253160154,0.0,0.001309522988198939,2
1.0,0.005709031238956227,0.012251576404931436,0.02656369249365066,0.0010654921542899405,0.0,8.777636728958633E-4,2
1.0,0.007149939975606752,0.0025575980162403427,0.014012070023372044,4.441123515550889E-4,0.0,4.2420624530583846E-4,2
1.0,0.017868841613011766,0.00537517325118241,0.014352374368084958,9.239667374980402E-4,0.0,9.067271286693043E-4,2
1.0,0.10921064537819973,0.016645480112293342,0.0024172704631596964,3.379516831889863E-4,0.0,3.3921712659988493E-4,3
1.0,0.039604540264978574,4.7312584707637E-4,0.0031211118075058428,2.93736111328758E-4,0.0,2.931807148031606E-4,3
1.0,0.043037082230930127,0.002379420428250394,0.0019736464964463804,1.633824161427127E-4,0.0,1.6293639809862573E-4,3
1.0,0.03371492126051676,0.0011720114710887923,0.002080528300077275,1.7198643582270275E-4,0.0,1.7142116805040242E-4,3
1.0,0.020220175072915188,0.0033233765658157296,7.075419033054558E-4,8.34255146285359E-6,0.0,8.586791449177844E-6,3
1.0,0.16313619493744783,0.025027728978761234,0.004074872881123529,6.085597688876908E-4,0.0,6.061208549123006E-4,3
1.0,0.06268589945364425,0.00830632171996278,4.900666723938622E-6,3.304669172104377E-7,0.0,3.307492296597185E-7,4
1.0,0.08976524112458281,0.01088924689343208,5.370546448402255E-4,2.1010589451456296E-7,6.0137724468915994E-5,0.0,4
1.0,0.05333681793959551,0.012833098505416309,8.018216282464398E-5,1.1290536527124426E-9,6.86396928243845E-6,0.0,4
1.0,0.1548913469115219,0.005175419658967182,0.001487395833377588,0.0,5.483556807957013E-5,1.3706381877447656E-6,4
1.0,0.12106332386861986,0.013520173078122491,3.315534424840811E-4,5.049338000327144E-5,0.0,5.042331796398203E-5,4
1.0,0.11067981090712685,0.01795881601997742,2.4081921063927227E-4,0.0,2.2167479695605235E-5,2.0126245813543433E-7,4
1.0,0.13738783775050253,0.0043666507368792145,0.0017165543738010929,1.1809422150113313E-6,3.150402616407367E-4,0.0,5
1.0,0.11347289409777657,2.225014361109005E-4,2.5207824729979982E-5,1.3374263256847063E-6,0.0,1.3378860266795077E-6,5
1.0,0.23143672098917292,1.913690147981245E-4,8.528543255649921E-5,2.351153564383885E-9,1.9110009523518088E-5,0.0,5
1.0,0.21412490213277843,4.781063750121234E-4,2.175786090473533E-4,2.1307793587336356E-8,5.546437646861289E-5,0.0,5
1.0,0.20094375913113935,0.004265343308898725,0.0015460703057945991,1.3823738261110247E-6,3.3878908045663206E-4,0.0,5
1.0,0.1602219165592251,0.0016660449154804857,5.22541960322013E-4,5.410203808667768E-8,9.828064016489184E-5,0.0,5
1.0,0.006518457491098878,8.112851915895119E-4,1.235527726397979E-4,0.0,3.918130501586073E-6,2.116918129093659E-9,6
1.0,0.01443513735904615,5.402777183537831E-4,3.8821274314395444E-5,2.1257715292541755E-6,0.0,2.1240077954800787E-6,6
1.0,0.0026195772009910325,2.0185245785862138E-4,1.967267663178701E-4,2.0358712490163525E-6,0.0,2.0427861430457804E-6,6
1.0,0.0029538205390349155,0.0012924481993566667,1.1188422397940658E-4,1.2902410607549137E-8,2.313999514824651E-6,0.0,6
1.0,9.31628624212629E-4,2.0089225739050581E-4,9.639320537384591E-5,6.81000828690693E-7,0.0,6.77921419727927E-7,6
1.0,0.0042816980023121275,2.8944809515517924E-4,6.403793839258577E-5,1.8458054120418471E-6,0.0,1.8432241644803782E-6,6
1.0,0.17063246211568386,0.018440010514619912,0.0029645636589286524,5.392565556163063E-4,0.0,5.41902679298777E-4,7
1.0,0.11972871803001038,0.03587393119758918,0.0056728511370201865,3.970111562775735E-4,0.0,3.7996298542795437E-4,7
1.0,0.12521946126675537,0.028576400961141602,0.005622065814901766,1.0718418881150178E-4,0.0,8.371576259145761E-5,7
1.0,0.16236885310770516,0.029319550477398548,0.005644360404468418,3.408824199616053E-4,0.0,3.2074847537209665E-4,7
1.0,0.18428843221466318,0.039931622874804,0.007208999024446629,7.134812786796063E-4,0.0,6.833081914945479E-4,7
1.0,0.19758690442059537,0.02548957063455902,0.00470869325188022,1.2156870650002917E-4,0.0,1.0290076775331143E-4,7
1.0,0.010031205140255696,0.00897626378866946,8.721276571110653E-4,4.396411924753389E-5,0.0,4.326599342258218E-5,8
1.0,0.06603608811837897,0.001761442237240792,0.004633879907506065,6.150295758333048E-4,0.0,6.127431880588401E-4,8
1.0,0.20409202100424112,0.05700873653476691,0.009086889791200694,0.0019530828560729613,0.0,0.0019900784804911024,8
1.0,0.10041604394473155,0.0018835215836568529,0.005480102745453698,8.672223107920488E-4,0.0,8.615289245809195E-4,8
1.0,0.24808148804692698,0.05613663163069946,0.009417157289160129,0.0019252490443596644,0.0,0.001922792420990259,8
1.0,0.23784843879925036,0.02777492547800262,0.004465502476929458,9.96662225446095E-4,0.0,0.0010034852103264823,8
1.0,0.2622469470398031,6.533258891683171E-4,4.346803319643073E-4,9.385767202646256E-8,1.3429341680828755E-4,0.0,9
1.0,0.08409422751473353,0.0048662551712092906,9.82217081291989E-4,7.674281724465722E-7,1.436708903981273E-4,0.0,9
1.0,0.07119106683902307,0.009287250962942679,8.145495760907509E-4,3.468577582391144E-7,6.700118156146506E-5,0.0,9
1.0,0.11044806797011937,0.001866545372039872,6.015716657924942E-4,2.274485406085316E-7,1.0109367721348852E-4,0.0,9
1.0,0.18626926484044495,7.291359532230479E-4,2.3414593403763988E-4,3.014626241308407E-8,4.513812533628175E-5,0.0,9
1.0,0.12023474710165373,0.0019220638316346142,2.9827704561945874E-4,8.03639810925645E-8,5.3122129694912644E-5,0.0,9
1.0,0.004522281065382774,0.009986206695629378,0.001953582075365298,4.525836378827638E-6,0.0,2.188996458588938E-6,10
1.0,0.006103950820764421,0.014093025729217253,0.0023693699643873877,2.7523845384920694E-5,0.0,2.2909884745466485E-5,10
1.0,0.013212341465677728,0.0054884410334569474,0.0010217345356751675,3.21070974831722E-5,0.0,3.140645232355553E-5,10
1.0,0.030588281017286577,0.007472671301835423,0.0037424673024772583,1.979049876509453E-5,0.0,1.2832994516775253E-5,10
1.0,0.004538161343275881,0.01610493879326896,0.001788864203204479,1.480243400198785E-5,0.0,1.1669829148086893E-5,10
1.0,0.014971359761169731,0.008550797513804212,0.001263877762296088,7.095489207708966E-6,0.0,5.851669014979716E-6,10
1.0,0.2567617407106374,5.292213491321167E-4,2.0407835905019575E-4,2.0240753995138643E-8,5.900824032664638E-5,0.0,11
1.0,0.09592587998901164,0.02506922564747582,0.0028592934391948044,0.0,4.568772760017531E-4,9.656480812474325E-6,11
1.0,0.11278179237058568,0.013827024642239196,1.024081897790675E-4,7.209561437710645E-6,0.0,7.1846476278329145E-6,11
1.0,0.21533725590597394,0.013149806325718617,0.005171255022217668,0.0,0.0012657499638022453,9.628774719727298E-6,11
1.0,0.18374404679975895,0.006078718499787352,5.902171006391312E-4,1.7155296124586804E-5,0.0,1.7144683567063156E-5,11
1.0,0.1231773789894901,0.020672187051461576,0.001667215827010503,0.0,2.9863138787151783E-4,4.5743123678280866E-6,11
1.0,0.2730187593554391,7.070951937399051E-4,2.761306267415053E-4,2.6562747558456607E-8,6.249252830561583E-5,0.0,12
1.0,0.30084519519534975,8.184712887855013E-4,3.4667850708955004E-4,8.659446680201501E-8,8.19340318740425E-5,0.0,12
1.0,0.17825046301721378,0.030730888562221774,0.006532721390087625,0.001379715343641357,0.0,0.0013552991346075757,12
1.0,0.0793551792143155,0.10259576089702026,0.019089900885442587,0.002890555479415549,0.0,0.0025065187347830635,12
1.0,0.29476058563255614,4.786831297586051E-4,2.6300198257320586E-4,3.4549682912562824E-8,8.661271266482577E-5,0.0,12
1.0,0.29375712110671576,7.852018918479097E-4,1.7018434665546395E-4,3.2159943590196196E-8,1.8062535540027866E-5,0.0,12
1.0,0.023506237768827924,0.6746418937577763,0.25718819672914955,0.021337806657122885,0.0,0.04269424496641169,13
1.0,0.0018672101245227818,1.1966070153948537E-4,4.0670067166053276E-7,6.741186237496451E-9,0.0,6.740646519814244E-9,13
1.0,0.2734550293645702,0.1350512129767668,0.0781582357075876,0.0035584504305517417,0.026650364730375208,0.0,13
0.463679620659151,0.0,1.0,0.9117742903728633,0.9904724470570774,0.21819358355369753,0.1592184104207895,13
1.0,0.11895442541108506,0.5629861433202806,0.5040510921659653,0.08518745848018353,0.09570009542884436,0.0,13
0.14099576360477084,0.06587156683522881,0.4648913110423205,0.4287779786550112,1.0,0.26570884197177497,0.0,13
1.0,0.046708781613025344,0.013658350056852453,3.2020210636859E-6,2.764548229614545E-7,0.0,2.7666712919764467E-7,14
1.0,0.2311160136863826,2.831764503042972E-4,4.017445521547975E-5,2.9451214946527257E-7,0.0,2.955685500660848E-7,14
1.0,0.2851239478590765,0.003472758611119667,5.104003069472077E-4,9.165464272595747E-5,0.0,9.152743107502055E-5,14
1.0,0.045572743996598025,0.013874198792095541,2.5368095554447227E-4,4.6067977152034603E-7,0.0,4.978839093472875E-7,14
1.0,0.25985869350642443,0.0024218713446283184,5.698682131202768E-4,4.085815065492869E-8,8.453576771404704E-5,0.0,14
1.0,0.0518875509928673,0.011927502779203692,1.297427595812978E-4,4.802710289305309E-9,6.489580602685854E-6,0.0,14
1.0,0.07261942734159159,9.775163935752526E-4,2.2648321222905077E-4,3.247581369827821E-8,1.9817920139921532E-5,0.0,15
1.0,4.713963033183579E-4,0.010724745743427987,6.366290181619103E-5,6.526404404382578E-8,0.0,7.956097252267489E-8,15
1.0,0.035554278164792875,0.006542354236026382,2.1125869969320976E-4,4.94129712752012E-6,0.0,4.901671928896045E-6,15
1.0,0.050363060033954736,0.0017605874155549699,9.301501596873316E-5,1.0365983051879259E-8,7.092200584807351E-6,0.0,15
1.0,0.038110164588301604,0.008581190416374541,1.4721241375799488E-4,5.2506577223749016E-8,3.4466189679652475E-6,0.0,15
1.0,0.04231204118203442,0.002269865561996612,1.7551673767084261E-4,2.5780732060899728E-8,3.2598536915476113E-7,0.0,15
1.0,0.026598240885820853,0.0018887527113373589,1.3244336320628392E-4,1.0311240884040274E-6,0.0,1.0206814901949114E-6,1
1.0,0.009441580097166365,5.525162485327133E-4,5.204888548850624E-5,1.362758359795849E-6,0.0,1.3645094246655971E-6,1
1.0,0.003144999295664932,0.00741257141653664,8.89926360029176E-4,2.1500483551418945E-5,0.0,2.2143165842645814E-5,1
1.0,0.007700344538992235,0.0030411234275358624,7.10898638953215E-4,2.7546790092671786E-5,0.0,2.7783488831494107E-5,1
1.0,0.009561625160272123,7.127004539583715E-4,6.477618845630077E-5,2.5246575138176715E-6,0.0,2.5276569118428736E-6,1
1.0,0.01694111256130814,0.014680113459954987,0.0017929684522921296,9.041780429110598E-5,0.0,9.280651847282505E-5,1
1.0,0.0018226576499697374,0.0033578298421746214,6.058592214362704E-4,1.419202664997117E-7,1.97753315827301E-6,0.0,2
1.0,0.00963745680547288,0.0038184322097969325,3.61289495229539E-4,1.0990208965801747E-7,1.0074164606127328E-5,0.0,2
1.0,0.003935918726425915,0.0075736009841491595,0.0030747937676061693,8.649140330204238E-7,1.3759765050293822E-5,0.0,2
1.0,0.0028958582027157277,0.0023762069823076897,5.959077171823684E-4,4.75536580589663E-6,0.0,4.6992339173204605E-6,2
1.0,0.00408146349983191,0.0018397700630153066,2.789048272358766E-4,6.105729493791796E-7,0.0,5.614424257937411E-7,2
1.0,0.010315096948320404,0.0014704288434058453,4.1527425564358907E-4,5.64723698754082E-8,1.4647939495876233E-6,0.0,2
1.0,0.008809943662280339,8.60586527193249E-4,4.549090987005446E-4,1.168300073257308E-5,0.0,1.1753000812753144E-5,3
1.0,0.02912086859256251,0.0017638995078857792,2.7257528716305386E-4,1.8116459641604303E-5,0.0,1.8161999952764483E-5,3
1.0,0.013053190010608912,3.0103634012523426E-4,4.29556624734952E-4,1.5067088874087612E-5,0.0,1.5105195796829706E-5,3
1.0,0.024695716200484146,0.0020015692650246918,5.53187513804167E-4,2.6962842204275697E-5,0.0,2.7111745625078416E-5,3
1.0,0.025235250314632394,0.00410124209721437,8.761817862053667E-4,5.32421671883886E-5,0.0,5.360144151580869E-5,3
1.0,0.023316083011037797,0.00340552604094191,9.707972021115414E-4,6.214062337993682E-5,0.0,6.249455655924119E-5,3
1.0,0.056461281912748726,1.0064385571503662E-4,3.126196766860189E-6,0.0,1.857345554545091E-8,8.313024441409016E-12,4
1.0,0.07483278405727305,6.515261563182902E-5,2.2815572509463445E-5,0.0,1.8380274810422804E-6,2.259840548194486E-11,4
1.0,0.12375377337258156,0.02987212424485339,0.02507658049043381,1.934574684790389E-4,0.003820135512798188,0.0,4
1.0,0.05481071083234061,7.35098171762171E-4,7.413487643919062E-5,3.4120796568951778E-9,7.659230464769158E-6,0.0,4
1.0,0.05395960625987924,0.001823857857580374,1.0132622194839639E-4,3.617028808400605E-6,0.0,3.6077222052448507E-6,4
1.0,0.11377176595715316,0.005757101525495433,2.15712837350161E-4,2.8917952426431594E-5,0.0,2.8995147697270917E-5,4
1.0,0.25037788796604765,0.005255963328550705,0.002033304843060967,1.6592830530503351E-6,4.124895919028708E-4,0.0,5
1.0,0.15649520110273185,1.8351469764443036E-4,3.71494678955961E-5,1.8940014797063555E-10,4.021602639106207E-6,0.0,5
1.0,0.16011755491639826,1.9745944181943386E-4,3.005899621171625E-5,2.3273652074465948E-6,0.0,2.328044293689704E-6,5
1.0,0.24702414629996405,8.897961983953554E-4,3.9457125077818226E-4,8.876334552645482E-8,9.648841000722269E-5,0.0,5
1.0,0.19854027182328488,0.004069826448912448,0.00212996068567425,1.8392759369467724E-6,5.056626661907167E-4,0.0,5
1.0,0.2726767623485287,0.0019621867456361955,6.102438977256705E-4,3.171987325922541E-7,1.154229240653047E-4,0.0,5
1.0,0.01021641686777194,9.767895433427734E-5,9.47004896565411E-5,4.1244134341531765E-10,8.666143091889884E-7,0.0,6
1.0,0.004334879311425949,1.6999406068181577E-4,5.278388771384879E-4,5.320011024406756E-8,5.678298312662503E-6,0.0,6
1.0,0.01790336154972652,6.0631328830655775E-5,4.5944915933480713E-4,0.0,2.7363130372839534E-5,2.5475272143151032E-8,6
1.0,0.0034851572445598693,4.533358220631484E-4,4.365953671245553E-5,1.6397116130227383E-7,0.0,1.624227074733328E-7,6
1.0,0.02023986839323828,9.163004268999962E-4,7.625810139782312E-5,8.556495938126341E-10,4.6129052533064665E-6,0.0,6
1.0,0.005094144069355504,2.651689993642283E-4,8.420579968129556E-4,1.2942162229515298E-7,2.465421899804027E-5,0.0,6
1.0,0.1286353918704064,0.005275653270623128,0.001399635393656193,2.2788056635006536E-4,0.0,2.2877714635228922E-4,7
1.0,0.2814002471315812,0.028607444416625823,0.012329193051867974,1.431401165836973E-4,0.0017881235057669075,0.0,7
1.0,0.1365027367010288,0.014325230670684414,0.007590952030175061,3.585073457019778E-5,7.41150028967786E-4,0.0,7
1.0,0.10899227477939023,0.013664796864606227,0.007290487331104696,3.3082649654295426E-5,6.609366536337269E-4,0.0,7
1.0,0.19123499105574004,0.021325671246839092,0.012238688574671846,9.424738245756575E-5,0.0022686954685707905,0.0,7
1.0,0.10408441219428897,0.017601019718631396,0.007154307772518464,3.6213505278936164E-5,4.464996990322435E-4,0.0,7
1.0,0.182940226761073,0.09434785903566602,0.08162554290862424,0.003041056186404767,0.023795256699392153,0.0,8
1.0,0.1453130664726848,0.06187867600112268,0.03650392858069282,5.666145162154601E-4,0.00734485241451201,0.0,8
1.0,0.10485115015882102,0.017290921171415365,0.008628750772333422,1.9602797605448444E-5,0.001232291094134634,0.0,8
1.0,0.3143709866558318,0.06431106563340845,0.019108338619843034,3.553181184621726E-5,0.0019284482646348456,0.0,8
1.0,0.1111512520589136,0.012716695516142637,0.008514848114908132,1.1383159093705469E-5,0.0010413972139907291,0.0,8
1.0,0.20526287763206916,0.02829233529737456,0.02059321741974352,0.0011369941046241233,0.0,9.126589196182655E-4,8
1.0,0.14814974411170126,0.00212087126955949,3.5672542270515225E-4,1.1873180527488514E-7,3.7892137639508666E-5,0.0,9
1.0,0.23465480116616422,7.003024319630395E-4,3.219854929456796E-4,4.557917606397389E-8,9.014713775408679E-5,0.0,9
1.0,0.36552213033484476,0.01792059397022057,0.011389166599460137,7.563433115320474E-5,0.004742238936660761,0.0,9
1.0,0.23868015682374788,0.006282466287065727,0.004102693088125734,6.906827332428068E-6,0.0011826910075440034,0.0,9
1.0,0.12911832820536379,0.009198267890745668,0.0017375014471404274,0.0,1.3407730208254485E-4,3.125870842977282E-6,9
1.0,0.1239941981785763,0.020048887762866445,0.0025537184891425584,4.364046700596974E-4,0.0,4.396520353845934E-4,9
1.0,0.14606889687645808,0.02607583542581498,0.013461312345774806,6.931127417291784E-5,0.0026707541454028373,0.0,10
1.0,0.2426559987765651,0.004321481459124518,0.005999122740199556,1.193243302796285E-5,0.0018492403585317375,0.0,10
1.0,0.16544767797041277,0.006352729729093886,0.005959551273885057,4.596929337802115E-6,0.0013974680508060952,0.0,10
1.0,0.2309749475383529,0.002230243795126322,0.0012201293569652893,6.929930400819367E-7,2.8360091200160814E-4,0.0,10
1.0,0.12776862361651353,0.0013374393017326165,0.0016193585003241209,1.0339769231876066E-6,3.148739794405562E-4,0.0,10
1.0,0.08554578682301503,0.023221541097497397,0.001854975297281379,1.9341509166833767E-4,0.0,1.973607122995135E-4,10
1.0,0.17530656372186967,0.00901477862493803,0.004652881529510346,7.774029508137799E-4,0.0,7.761083080496678E-4,11
1.0,0.07823519646923818,0.03615901319782075,0.01937024344493281,0.002112115479709721,0.0,0.0019374604682146105,11
1.0,0.25084956715040196,0.009715690306389232,0.008790813841710867,0.0,0.0018912201033349217,5.1359269941573056E-6,11
1.0,0.41343917778254763,0.028813842474604924,0.018861751549062306,2.2755877527928263E-4,0.008437306678363808,0.0,11
1.0,0.22484313264908082,0.011006125414349642,0.003706778350786591,4.752208964390626E-4,0.0,4.8123592644267816E-4,11
1.0,0.3054529652919668,0.01028872350445319,0.005607407411466449,1.4493504933859036E-5,0.0017291169238992255,0.0,11
1.0,0.6477240342844329,0.05455129607290949,0.04705721163773952,0.001654452767619373,0.03158017648263393,0.0,12
1.0,0.5501623892384859,0.010752715014019408,0.00776576966987947,4.3804003847503644E-5,0.004453609083323453,0.0,12
1.0,0.3936821759424747,0.07429288825994267,0.04542539620715679,0.0011643536452889906,0.018589530368313414,0.0,12
1.0,0.41907395151515076,0.04900803665015546,0.03338692425270026,6.316822421097291E-4,0.014868806364322494,0.0,12
1.0,0.3173870128600525,0.007974003153768613,0.004415612539059652,1.1681182994277933E-5,0.001474875320456868,0.0,12
1.0,0.3059635209989779,0.016835471471925757,0.007874552113532078,2.8307486922551577E-5,0.0024525335008610556,0.0,12
1.0,0.011322021018622782,4.749963583736891E-4,1.8575949019722306E-6,6.108310592782744E-8,0.0,6.109452056435349E-8,13
1.0,0.027055335493654735,2.0704748091036098E-4,1.3325126273259385E-5,1.3663693433431635E-10,9.21607518654052E-7,0.0,13
1.0,0.004677495119953133,5.235908870763541E-4,2.679096678340233E-6,2.28947518141732E-11,2.164179347758906E-9,0.0,13
1.0,0.015620496531171871,4.2330028996793106E-4,4.468378759837892E-6,1.9375979444556477E-7,0.0,1.9380012873778E-7,13
1.0,0.01971832100765391,1.3211962590948964E-4,3.5712795856576507E-6,1.7263618928897673E-11,9.780405565240196E-8,0.0,13
0.0,0.004015201147545255,0.036636909089754255,0.03732806922013499,1.0,0.08554662973607632,0.002056948782994311,13
1.0,0.36889188946877366,0.02830727137807269,0.005024819043713123,0.0011323644161691064,0.0,0.0011563960095159129,14
1.0,0.4121039854281426,0.002592762540182452,8.449647764357665E-4,9.341398399738108E-7,1.157564091446E-4,0.0,14
1.0,0.44813747574721846,0.0012714034251757602,2.4219278070317118E-4,2.8563668500675413E-5,0.0,2.864455054200688E-5,14
1.0,0.6598022076733706,0.010544702739078447,0.010157410681048806,8.350304618480705E-5,0.007290874166544044,0.0,14
1.0,0.4220663955433023,0.007350644375343202,0.005906668664156063,2.4126222158293747E-5,0.0028905131902922034,0.0,14
1.0,0.46164811912036413,0.003339477943820174,0.002577542114731855,6.2801557256098136E-6,0.001057537136540331,0.0,14
1.0,0.020231492123270012,0.42693917377617463,0.2642832270421449,0.04467084056434444,0.026428142256839683,0.0,15
1.0,0.10538259846320393,7.27249223250351E-4,0.0030623955059906056,1.8511039272981131E-6,5.41883366195783E-4,0.0,15
1.0,0.1252700533892262,0.00259926472508792,6.083115297259759E-4,3.1245114174159003E-7,8.194774644823595E-5,0.0,15
1.0,0.12717159271962233,0.007143623311703914,0.00220470532626115,1.4774874134584018E-6,6.086421473817096E-5,0.0,15
1.0,0.1541803810991702,0.005962205051733451,0.0033800561199896313,4.1435601771257635E-6,7.013402067573605E-4,0.0,15
1.0,0.18625119380225058,0.007302775743336499,0.006236637601915763,1.433658726751985E-5,0.001575783198918698,0.0,15
1.0,0.01649971334425621,0.002970287097327039,1.3497800474972026E-4,0.0,3.010508245412652E-6,1.2031943565415268E-8,1
1.0,0.01173629424699804,0.004243230319999688,2.817962820811178E-4,1.2029885313944995E-5,0.0,1.2084425328785507E-5,1
1.0,0.014268351090901753,1.2709302904878017E-4,2.0137448175586782E-4,0.0,2.385219433145502E-6,2.551386994884919E-9,1
1.0,0.0028476197519064646,0.002731990040268924,9.894147767201694E-4,1.2890335657802592E-5,0.0,1.3259286919637584E-5,1
1.0,0.013724399169068447,0.002378951582959382,9.970847483909875E-4,0.0,2.0295467728693482E-5,8.796952483045995E-8,1
1.0,0.018436014433830764,0.0028923580955354813,4.1725577447857193E-4,2.371545074903312E-5,0.0,2.377062870564945E-5,1
1.0,0.004348766010783135,0.0019630907172748235,1.9105065772907618E-4,5.226320007702705E-6,0.0,5.252220458855165E-6,2
1.0,0.0027446224327923045,0.002380357162373338,1.3315421432597615E-4,2.152767274513657E-6,0.0,2.1619043195218575E-6,2
1.0,0.022516113551213645,0.0035178251966329166,4.1907525959076824E-4,1.5214771658360949E-5,0.0,1.5336887867424642E-5,2
1.0,0.0258075193546691,0.004200717275711612,5.925987920779082E-4,3.6508435868654886E-5,0.0,3.6647464439749744E-5,2
1.0,0.04327746985629205,0.006638813586181465,0.001057525644641866,7.533757541348188E-7,3.209134404683192E-5,0.0,2
1.0,0.0025703578494283095,0.004714476602802621,5.953225355822103E-4,1.0526985331602472E-5,0.0,1.0770094277888698E-5,2
1.0,0.011219961235757187,6.540576544072365E-4,4.777552848387716E-4,7.038803689891806E-8,1.147588223014963E-5,0.0,3
1.0,0.022388541527848037,9.398722602541225E-4,4.908461720401875E-4,7.243561464081619E-8,1.7523568847383163E-5,0.0,3
1.0,0.025378113076405872,5.77730960653586E-4,4.523525352614596E-4,4.782703872480312E-8,1.8411322525904957E-5,0.0,3
1.0,0.06737222333772956,0.006599181727196342,0.001527088132066571,1.725019511253659E-4,0.0,1.7374081641630622E-4,3
1.0,0.0567987686397754,0.006727860286879552,0.0015750141939646258,1.284656554617555E-4,0.0,1.3000025639106773E-4,3
1.0,0.05010660260751422,0.003764548554195558,0.0013907493120172588,9.18867908497927E-5,0.0,9.283435573946543E-5,3
1.0,0.06776309541752898,0.004703859289145834,4.176283806507606E-4,1.4035643767916072E-7,1.7653284252236636E-5,0.0,4
1.0,0.07909286630189338,6.640298556561178E-5,1.4166641030403932E-5,1.0246518313722185E-10,3.7870381415268805E-7,0.0,4
1.0,0.0958118442674538,9.291045100547335E-4,9.728166358513432E-5,6.927016935918224E-9,1.5246362657971765E-6,0.0,4
1.0,0.09590604007196453,0.0023203398210570503,2.9783183775582817E-4,2.583143922316682E-6,0.0,2.522776264822443E-6,4
1.0,0.05777249581741923,0.0033555729482677436,2.327340299710498E-4,2.4619441324244168E-8,1.607418982989377E-5,0.0,4
1.0,0.06696110010249556,3.2731305447382896E-4,5.750048833865479E-5,2.071619571871991E-9,2.148118789954691E-6,0.0,4
1.0,0.19487624441522627,0.0022441333785129846,6.979815046152205E-4,3.14825717728398E-7,1.4382224534424106E-4,0.0,5
1.0,0.1772136422958983,2.041801434875806E-4,8.879674435243304E-5,3.781008105703002E-9,1.9341679516497426E-5,0.0,5
1.0,0.1129144050970018,0.025127645252006007,0.009286931490898036,6.684337600852211E-5,2.1645754160716028E-5,0.0,5
1.0,0.2500316935616795,6.888546299680886E-4,1.0834197576540557E-4,1.2530328519922312E-8,2.5010560199917467E-6,0.0,5
1.0,0.16721909508897229,5.825115881766517E-4,1.345651933878732E-4,9.920222082451897E-10,1.2658645935903047E-5,0.0,5
1.0,0.20519270115671143,4.4235560607398366E-4,1.1819138954133903E-4,2.495979070019904E-9,1.7663374250899866E-5,0.0,5
1.0,0.006485490857971597,4.4148472362954834E-4,1.23322237922142E-4,1.53365174066244E-6,0.0,1.5362109196259325E-6,6
1.0,0.01441722232403192,5.953213723886609E-4,4.0202290185570945E-4,1.3894681080122273E-9,6.779548929903472E-6,0.0,6
1.0,0.0016216143034961618,1.772116783742842E-4,6.710023202493201E-9,8.817890212360772E-11,0.0,8.817887543451798E-11,6
1.0,0.005237406291079706,1.0900328637990703E-5,3.981375884807761E-7,0.0,1.174816290898241E-8,1.0081821751503318E-13,6
1.0,0.0032331242569170024,9.297537692701943E-5,5.791771832786464E-7,1.2862779431568987E-8,0.0,1.2863638740754159E-8,6
1.0,7.535196467288475E-4,3.242261065606451E-5,8.491167618354102E-5,1.1067764244710152E-7,0.0,1.116297366240562E-7,6
1.0,0.0826169125215293,0.002644402312135058,4.222693361558873E-4,4.477177369643916E-5,0.0,4.4798787940368646E-5,7
1.0,0.0767547531686608,0.008382292125623402,0.0012057950786287315,9.875350581775763E-5,0.0,9.98785460201483E-5,7
1.0,0.09503341393147867,0.010141310337864815,0.0015425549910097589,1.9494440383420602E-4,0.0,1.9524513222476448E-4,7
1.0,0.05493461882980218,0.011326854321033126,9.719760062953343E-4,9.929602497587103E-5,0.0,9.977222307755332E-5,7
1.0,0.08857067925726855,0.008057562455535518,0.0012541707259719427,1.2845789387631024E-4,0.0,1.2963764381831172E-4,7
1.0,0.0807874148451528,0.008944773908371489,0.001337373429558794,8.046099441674811E-5,0.0,8.165157412082191E-5,7
1.0,0.06683857272406607,0.004064939805517982,0.0018844302976350328,2.0976121253285507E-4,0.0,2.1090565391274603E-4,8
1.0,0.07598351020996269,0.0061468711024945475,0.0011522355331806161,7.845884105534218E-5,0.0,7.936196830690963E-5,8
1.0,0.09829708219297435,0.008523336651829999,0.0022105652804280643,1.0350806640417823E-4,0.0,1.0613186456495846E-4,8
1.0,0.0781454114618052,0.006733703414347883,0.00162953430720086,1.1383192069041161E-4,0.0,1.153657309356303E-4,8
1.0,0.05557773326095951,0.008969772173454455,0.001516339362428371,1.4792567062367444E-4,0.0,1.493546143309465E-4,8
1.0,0.020903067171510477,0.0013131155323999734,5.40617389125978E-4,3.248848647630293E-5,0.0,3.2571298911100966E-5,8
1.0,0.04853660209163748,4.838420203009881E-4,1.916060040229043E-5,3.661727592910408E-7,0.0,3.66287646485869E-7,9
1.0,0.10958055703990321,0.0015540888485814255,4.3905220567839987E-4,1.0730954962304353E-7,6.911685834899207E-5,0.0,9
1.0,0.07377823468695979,3.418034351578759E-4,4.275344943477471E-5,9.864321699618885E-10,5.211580368613757E-6,0.0,9
1.0,0.06366543227306445,1.830990208908208E-4,5.07762282662811E-4,3.357031392718041E-8,5.8970284061677486E-5,0.0,9
1.0,0.07837631279266172,0.0015765235747566859,3.278516432017673E-4,5.702343849267119E-8,4.119648095695155E-5,0.0,9
1.0,0.05946797298404061,0.0026372999082392313,2.782028930452041E-4,6.373644841398132E-8,3.0705937466927097E-5,0.0,9
1.0,0.047107955800126375,1.846922725234571E-4,6.9601371919823215E-6,5.989932371994254E-7,0.0,5.990358844790184E-7,10
1.0,0.0294105127236366,0.001335275329310989,4.2724051907079024E-5,2.5395681119612984E-6,0.0,2.5393024378853453E-6,10
1.0,0.007076575163808923,0.002586756655951538,4.569359180539992E-5,6.928219537142635E-7,0.0,6.899387777630402E-7,10
1.0,0.00218856516203366,7.668411886898772E-4,3.246727454856004E-5,4.681370986586914E-10,2.6241834073370657E-8,0.0,10
1.0,0.0010047325040891725,4.4630276265528505E-4,1.0811197299205311E-5,1.5269326027468756E-8,0.0,1.5095346873380193E-8,10
1.0,0.004205673754164072,9.801232954874716E-4,4.7724282349128745E-6,4.041018256826648E-11,5.796644625275753E-8,0.0,10
1.0,0.1127369411201481,0.0010096294306199487,2.8243497061484026E-4,2.969007150618387E-9,3.952005087393578E-5,0.0,11
1.0,0.09307610697577573,0.002837141110811815,4.023119040565899E-4,0.0,5.223706305369965E-5,2.1961430434172143E-8,11
1.0,0.125182918831662,7.18443351457478E-4,1.2300429013450582E-4,0.0,1.8762109376429816E-5,1.3385492942659642E-9,11
1.0,0.026146110380577136,0.0017585932645938897,1.8576478603417874E-4,0.0,7.398606836385827E-6,3.0046820507050386E-8,11
1.0,0.0626537958755647,8.598848809136393E-4,2.764995908851061E-4,0.0,1.6490045329948714E-5,4.3698021619974505E-8,11
1.0,0.10694176434301485,7.217658478933291E-4,1.528589168669272E-4,0.0,2.060962081597953E-5,2.989676311794569E-9,11
1.0,0.17103555489915476,0.003922947865454613,2.6150304011147155E-4,8.10864548532878E-8,5.412575417351985E-5,0.0,12
1.0,0.19217704460467813,0.0011432786486207066,3.217920992366009E-4,7.115951009545793E-8,5.910447332597594E-5,0.0,12
1.0,0.1808283742269601,0.013650356025764874,0.0013503381060252157,2.1251500293764205E-6,3.1692198146077345E-4,0.0,12
1.0,0.18397681028519505,2.592455480904516E-4,7.276887516464076E-4,7.57257289990126E-8,1.2924923404954806E-4,0.0,12
1.0,0.1625448263803891,0.0015484945897924066,4.2205905313931475E-4,8.466930056997067E-8,7.078744001347215E-5,0.0,12
1.0,0.18011402123471104,0.0014416161163317653,5.79315997980859E-4,2.0212593729601134E-7,2.2253499151108787E-6,0.0,12
1.0,0.012821621804320284,0.0016077855684390604,0.0012792640145636047,1.2407138498141233E-7,4.675071228253227E-5,0.0,13
1.0,0.015671839870796657,0.003582191959697497,0.0011370581744654283,5.890693068428161E-7,5.991707043573131E-5,0.0,13
1.0,0.016157844336989254,0.002828916291641803,0.0017742548048634166,9.880701683249893E-7,8.669250795214781E-5,0.0,13
1.0,0.002617740407791444,0.0019126269292773753,9.931598799988771E-4,1.827334923737055E-7,1.2760899476950816E-5,0.0,13
1.0,0.017747863839829816,0.0011466569127556326,0.002199022758253944,0.0,1.3814338274804178E-4,9.389649269322164E-7,13
1.0,0.04029525292377791,0.0014732644506727504,5.781407715378014E-4,0.0,4.62161766087065E-5,1.2890479117476218E-7,13
1.0,0.06900749555388543,3.82219869955284E-4,1.716363835530972E-4,8.76214600538306E-9,1.9856100514176207E-5,0.0,14
1.0,0.07681954456112002,3.023840874230737E-4,9.418537676479245E-5,2.8382811956528753E-9,1.0901561146223912E-5,0.0,14
1.0,0.048559472743002846,0.0011510082774031218,1.6595324780833276E-4,0.0,8.280085223186446E-6,3.533580062866074E-9,14
1.0,0.0711742322551457,0.003237097735134197,6.689422194727983E-4,1.3386982430960485E-7,8.015254961684683E-5,0.0,14
1.0,0.06773091262674415,0.002625598255725031,3.205667114518905E-4,1.786649815870797E-8,3.129058585232407E-5,0.0,14
1.0,0.057849383379598183,0.003387676955865415,6.420647297829442E-4,1.4775581769671828E-7,6.733602225742716E-5,0.0,14
1.0,0.0014458747633816157,0.004185226943099529,3.7705454167968612E-6,3.785773446441553E-8,0.0,3.775316061761035E-8,15
1.0,0.005638617862511275,0.001827849722799961,2.81037534066782E-6,3.032157863098027E-10,0.0,3.118883208867695E-10,15
1.0,0.0015757459454005358,0.0018771474575769965,7.1615583246109574E-6,1.0408149421785692E-7,0.0,1.0422084200804979E-7,15
1.0,0.0040609986315984364,3.3476153245600907E-4,1.684037164698031E-6,1.12115074809286E-8,0.0,1.1219336114179405E-8,15
1.0,0.00928505418222079,5.5260093055424134E-5,2.573908360176409E-6,4.979895550672976E-12,3.471891611260679E-8,0.0,15
1.0,7.752352761440439E-4,6.814041760203933E-6,2.4222553496323937E-6,1.290320040035177E-13,2.4048369890236045E-8,0.0,15
1.0,0.011380357158604193,0.019922978889631633,0.0016455386210991844,3.3705862583062624E-6,9.27227792679295E-6,0.0,1
1.0,0.003619575532272419,0.023662829568281446,0.0011858446687047835,0.0,2.4745702112015775E-5,2.0443839111428848E-6,1
1.0,0.026818575840549065,0.006780857545078437,0.0013193613003905822,6.554804707544104E-5,0.0,6.64434816027152E-5,1
1.0,0.01837432319505636,0.011707168075660723,2.5532123483408195E-4,0.0,9.187515192146396E-6,1.1476770890512624E-7,1
1.0,0.12438200028585185,0.006989400422499514,0.002110895995709155,1.3979626541810644E-4,0.0,1.4239236081047205E-4,1
1.0,0.12015625271525457,0.010162991792573978,0.0032566672924595353,4.051102212975192E-5,0.0,4.336720087232789E-5,1
1.0,0.1220194169093683,0.06123924210803681,0.014811812733698183,0.0010467315691333819,0.0,8.620032969094026E-4,2
1.0,0.13753557173885983,0.06938984839220191,0.012863496394117532,0.002334899739404579,0.0,0.002379201067753616,2
1.0,0.14081242733862898,0.032797040973276445,0.009053650959481727,7.751664767572851E-5,1.941038843803938E-4,0.0,2
1.0,0.12175522594964572,0.03408565644119138,0.006926164855936279,6.682317543999219E-4,0.0,6.457125769257957E-4,2
1.0,0.10055269377214848,0.04904935042816428,0.014789070917290276,2.0377124687278583E-4,5.503271209207312E-4,0.0,2
1.0,0.09288197627069592,0.04653978328832441,0.01137544043360603,0.0013154674796880298,0.0,0.0012360840939361745,2
1.0,0.1278945901549741,0.013013011410745698,0.0030496115077836682,7.064223632009871E-6,1.3144273181681996E-4,0.0,3
1.0,0.05850998635513824,9.799007264230945E-4,0.004973068789352237,1.629830857664456E-4,0.0,1.6030206007751552E-4,3
1.0,0.10974477733509272,0.002865890929146725,0.009791503161788175,0.0,0.0013522499780201861,2.6266927984667444E-5,3
1.0,0.16049949916919315,0.03158176308210871,0.004720070383206035,6.595270640407806E-4,0.0,6.545512219037124E-4,3
1.0,0.16238444156874235,0.015926503345737933,0.002305609176170027,3.371918713241575E-4,0.0,3.364928758476056E-4,3
1.0,0.1940009522189472,0.02622700421616229,0.003921126052314527,6.307401710814293E-4,0.0,6.286585518911288E-4,3
1.0,0.24646936753238888,0.0015541870729246989,2.5856079587125656E-4,1.5198631749914926E-5,0.0,1.524453011472667E-5,4
1.0,0.2698222496285053,0.006008825781477294,0.0011603472551998065,1.2458031117189276E-5,0.0,1.3065488971179354E-5,4
1.0,0.2657831902869931,3.985200452498586E-4,1.578603192250293E-4,7.58120668326645E-9,3.450723329368358E-5,0.0,4
1.0,0.2252797881752655,2.8057295993584114E-4,0.007272659556836783,0.0,0.0017172806115783078,4.717331097169631E-6,4
1.0,0.1489571712455966,0.03393166118261195,0.0075779411561910865,4.6592788666405065E-4,0.0,4.4805222492161996E-4,4
1.0,0.20442845996741363,0.0026157090977726952,0.01096674151823625,3.283023915041193E-5,0.0018060084059298802,0.0,4
1.0,0.07359277381279503,0.06817842046278352,0.04850956136908278,0.007538010682642725,0.0,0.006242854964720054,5
1.0,0.2693224934592417,0.003225140388909564,0.005571695347820923,0.0014095538552867885,0.0,0.0014026439165040051,5
1.0,0.3105451049917822,0.0026277613432718065,0.0014712309258140012,1.0188477902749956E-6,4.898159632201035E-4,0.0,5
1.0,0.09704348739012046,0.043026036675113274,0.03879403086473898,0.006063597223214898,0.0,0.005688830420376102,5
1.0,0.3023973032295795,0.005722208911890407,8.199643371310774E-4,5.871668071730908E-5,0.0,5.9336425066265405E-5,5
1.0,0.293418840514096,0.00127160475936892,1.921663732276953E-4,7.487217177664823E-6,0.0,7.515253125979234E-6,5
1.0,0.006234989837167242,0.0019388372049879193,5.341180052219103E-4,1.3421536936808067E-5,0.0,1.3337480397102206E-5,6
1.0,0.020161499052353902,0.007318632531851427,0.0019805169284110268,1.5444494869972861E-6,6.68517593249467E-5,0.0,6
1.0,0.005206217772340204,0.0015818910207389559,1.4665131924027726E-4,2.64797312411058E-8,1.327335819490115E-6,0.0,6
1.0,0.009738941551345031,0.0031071427222624432,0.0010516233831133076,2.845334718118081E-5,0.0,2.8631253191092706E-5,6
1.0,0.01986873672352133,0.0016626788106431402,2.6086074175893206E-6,9.890481832949208E-8,0.0,9.883765907133179E-8,6
1.0,0.007288593772569244,0.0016608197258552978,4.27195184470292E-4,1.6973989598645198E-5,0.0,1.7124683517612902E-5,6
1.0,0.07016244092485512,0.028463095245895388,0.005345328772639305,5.286573697270018E-4,0.0,5.289886733699669E-4,7
1.0,0.14375278350496054,0.030459605925104574,0.006253575000635769,6.205855684523543E-4,0.0,5.949039744678337E-4,7
1.0,0.1342132638504509,0.004256107985180952,0.0023553887091031563,3.0934308781860697E-6,1.1885627460018469E-4,0.0,7
1.0,0.13682658969184527,0.006201098976690925,0.0013089652598511678,1.1054370708051865E-4,0.0,1.0923338477422706E-4,7
1.0,0.12552400754941184,0.016907508790605565,0.0030060893057588488,3.025343260429146E-4,0.0,2.981668251754737E-4,7
1.0,0.10624143635372174,0.01935367955985682,0.005226813074761468,2.357975425135013E-5,1.7686170599498486E-4,0.0,7
1.0,0.15905813186088286,0.04900067489280395,0.009305712384360024,0.0012900229283565466,0.0,0.0012593069424292737,8
1.0,0.25149715799924016,0.08201065343550978,0.04071976551098873,0.001680979906349722,0.0016780907699966874,0.0,8
1.0,0.14196691300034775,0.039967268639939414,0.006224420978045436,0.001048110167982879,0.0,0.0010797305918089702,8
1.0,0.12318535830559751,0.043430956949423956,0.011481038684445966,0.00196198665925574,0.0,0.002041395802603075,8
1.0,0.1409414240436011,0.04489726818483112,0.007143602085199507,0.0012689637531841014,0.0,0.0012962720617775377,8
1.0,0.16544752925977746,0.03754317349795679,0.005734518726879772,0.0010273209319318342,0.0,0.001053689100439558,8
1.0,0.3084942883731178,0.013565964247798701,4.979272634717436E-4,4.5242093295841936E-5,0.0,4.579202487283479E-5,9
1.0,0.233756291130598,0.0193627097598991,0.002578246750616028,4.270034930332161E-4,0.0,4.214114538124259E-4,9
1.0,0.16771185964296148,0.0012329051376693946,4.944419567739895E-4,0.0,8.994489264251353E-5,1.6279474127734141E-7,9
1.0,0.13880773844696107,0.001221333157441967,4.954556176092331E-4,0.0,6.145718943305512E-5,1.3299162856234674E-7,9
1.0,0.16657432172174727,0.004748883930499953,0.0010944475008966808,1.901439956192337E-4,0.0,1.894530926773883E-4,9
1.0,0.20115543500102342,0.00727193122553974,0.0019646706264630706,3.8232608479377535E-4,0.0,3.801807045577307E-4,9
1.0,0.1277670505611817,0.004235879497356115,0.001821244754162433,5.755335027155086E-5,0.0,5.8522876266836476E-5,10
1.0,0.022157039529045845,0.007172869608675333,0.0033925571006423673,5.471320818000571E-6,2.6028666032571786E-4,0.0,10
1.0,0.156278584530774,0.005151548937640836,0.0033023029943558954,4.7810124931512983E-4,0.0,4.8226563003013966E-4,10
1.0,0.046585838283116535,6.109792623715574E-4,6.342262406531969E-4,1.5088757480122738E-5,0.0,1.5210955220808768E-5,10
1.0,0.015475537298470806,0.003454029785952824,0.0010984981006422802,0.0,7.182651726388579E-5,3.79118386261718E-7,10
1.0,0.17481048348084716,0.0015877276125940798,0.002023305485345146,1.019345956095701E-6,4.407263948820641E-4,0.0,10
1.0,0.2888272293895441,0.040791071284745184,0.0317091287935898,5.038119774334827E-4,0.0023623301415580814,0.0,11
1.0,0.25036391031432503,0.1567571813666002,0.11289305025917082,0.007099808017569332,0.017269771445597642,0.0,11
1.0,0.048053802960915125,0.046463840401325715,0.06265050184295831,2.0421484431626345E-4,0.0018172225470166402,0.0,11
1.0,0.21299995473789102,0.10713237333240941,0.08328308676078834,0.0031623255171877754,0.008186364675301209,0.0,11
1.0,0.22758591311954543,0.10269130916131257,0.09136756389460915,0.0034200400339941695,0.010736904298657967,0.0,11
1.0,0.2209668687813149,0.1282087002735893,0.10857612664462138,0.004634750161006132,0.013036727200705775,0.0,11
1.0,0.29839976390765105,0.09448238911633046,0.07788025330565117,0.0034130592122897374,0.006270391026058687,0.0,12
1.0,0.27399110183784586,0.07916748763645949,0.052150392598881684,0.0014428682662539446,0.0010938804008611568,0.0,12
1.0,0.25169749388322826,0.3606069788890684,0.24318334441596423,0.036808166778811935,0.025865536961336987,0.0,12
1.0,0.26846809172702474,0.24614440301244148,0.1845866897581704,0.020253768959567407,0.026674841331318665,0.0,12
1.0,0.26778909799144796,0.1715994440856125,0.11946736834969578,0.008849276927831077,0.010938347421371009,0.0,12
1.0,0.019977728278340583,0.08075972790031587,0.2889812124252699,0.037186633237908634,0.008961675648809717,0.0,12
1.0,0.01572670709550997,7.714472926667916E-4,1.4123438550888635E-5,3.208501460549216E-7,0.0,3.2072312481650824E-7,13
0.6776197092811479,0.0,1.0,0.6435233688264439,0.7254691206615812,0.13085641960117933,0.7279965998017185,13
1.0,0.014242226853152953,1.053790282866274E-5,7.97165319195742E-7,5.236504095472715E-13,1.1212083344345033E-8,0.0,13
1.0,0.017088902026884185,3.726546457998074E-4,1.3263625876558665E-5,1.6047812167174894E-11,5.419555510907156E-7,0.0,13
1.0,0.033586848691071446,5.153358286380259E-4,1.9854854725977075E-5,6.368446431111646E-7,0.0,6.367472571549658E-7,13
0.9049932502868006,0.12507951658067704,0.09807557952168017,1.0,0.0,0.2640127614153189,0.37119347052277807,13
1.0,0.18573699459215573,0.011575317971227336,0.0013574296199813966,2.632698181602576E-4,0.0,2.649356181657084E-4,14
1.0,0.12335053642462636,0.0027440383826620725,2.2491291052153243E-4,3.384147467822328E-5,0.0,3.388001533629553E-5,14
1.0,0.12927073873409772,0.008988756416553119,0.001302028746953433,1.9314090103803533E-5,0.0,1.7703931740109833E-5,14
1.0,0.18197571834511903,0.006455288571375706,6.516518317421728E-4,1.2519289329514363E-4,0.0,1.2554906673207413E-4,14
1.0,0.1308756714899259,0.0075335581256674045,7.379878696164918E-4,1.1498207484283014E-4,0.0,1.154671975908913E-4,14
1.0,0.09772287223496597,0.0025435467836463586,1.9347819055758617E-4,2.5348061030188355E-5,0.0,2.537423749735167E-5,14
1.0,0.006923375633006387,0.012009592538587941,1.2068730374428492E-4,3.171638777071115E-8,4.6201179109597646E-6,0.0,15
1.0,0.08506464410741568,0.008233839728741667,7.615859834248556E-4,9.794108564726055E-5,0.0,9.83560714577649E-5,15
1.0,0.09740495216072914,0.006310658869191445,5.196465991353924E-4,7.016366205627177E-5,0.0,7.046455494525122E-5,15
1.0,0.0198893725502837,0.05924018271508702,0.001196437400134852,3.664061855879838E-6,2.220225416371137E-5,0.0,15
1.0,0.013641015245166583,0.053960458162531935,0.005873998498186993,1.3126699875438102E-5,5.980865502948776E-5,0.0,15
1.0,0.009301108791863405,0.07069280934299847,0.005645559596484987,4.0656610312081226E-5,3.791938804403341E-5,0.0,15
